1510
994
1316
901
1216
1203
1094
1467
1306
1280
1303
1123
1000
691
1392
756
1094
1261
870
1165
1483
1046
1173
871
962
1609
1189
1195
1071
885
1320
701
1085
897
1156
1301
923
1313
1066
942
1177
1129
888
1167
1026
717
1522
1408
1400
1528
603
1136
1102
1235
763
1053
868
946
1101
808
1300
925
888
802
1236
954
840
747
766
1251
837
677
1236
584
1131
1300
1172
1562
1475
969
1167
875
859
722
716
867
747
1256
1355
954
1023
822
850
1228
1331
1111
799
1000
1202
962
1266
914
779
1105
1405
1008
1058
771
1384
1267
1019
1152
1474
1197
1052
977
1082
1297
912
1020
1344
1083
886
1367
1265
1115
788
1305
851
1049
720
555
1223
972
1099
963
1049
1227
1460
1245
1283
1224
1495
1436
1188
931
490
1183
1038
1070
1231
743
826
1173
1059
874
1100
1101
1260
699
1338
826
1245
1318
1554
1252
944
1143
1024
1305
948
1025
1001
815
1198
1068
1460
827
950
868
722
1034
1001
1234
1007
1286
1202
1105
974
1289
830
928
554
586
1366
1202
1189
926
1298
1113
1168
1045
1298
1029
1297
1329
941
1069
1021
991
1450
1231
538
836
1327
893
910
637
561
1232
838
1567
1201
1271
