92
-61
-1
20
-9
15
-4
-23
-4
-22
52
-7
-1
3
-17
24
-11
0
-1
-27
35
-18
38
-35
24
0
9
-51
6
32
10
-31
6
-6
6
5
0
-64
97
-57
-3
15
-27
76
-47
-15
50
-44
25
-42
5
21
1
0
27
11
-53
49
-49
41
-7
-32
25
-22
49
-26
0
9
7
-46
66
-41
-6
13
-34
47
-7
-18
8
-1
4
-3
27
-36
19
-44
38
26
-33
-29
4
63
-40
6
8
6
7
-18
-16
-14
15
47
-39
-10
15
-5
13
-20
-14
27
17
-36
-20
70
-20
4
-35
-15
81
-44
7
-42
42
30
-44
-1
-28
41
-28
27
-19
-5
38
-8
6
-21
-15
0
55
-45
-2
27
-24
23
-37
9
4
17
-44
93
-60
-15
8
-5
10
14
-30
-26
89
-92
66
-8
-21
26
-40
19
-15
53
-65
30
11
-23
46
-73
22
-1
39
-24
16
-12
-4
26
-26
-1
-1
21
-1
-43
63
-25
40
-77
20
27
-55
53
-30
30
18
-37
9
13
0
-54
42
13
-52
-13
7
116
-86
28
-13
27
-30
6
16
-49
111
-97
29
3
16
9
-65
37
8
8
-24
-53
54
11
-8
8
-1
2
71
-163
110
-24
-24
8
35
-48
45
-55
24
45
-45
3
25
-26
77
-112
38
14
-7
10
0
33
-49
-12
15
-2
-20
33
-8
-9
79
-78
40
2
-40
32
14
-22
14
-56
14
34
80
-60
-42
0
12
-31
44
-20
0
8
55
-66
9
-23
52
-5
-69
80
-28
-19
-11
31
-18
-2
33
-47
38
-46
53
-118
55
66
-56
42
-6
17
-8
-40
13
29
-10
-10
6
4
0
31
-23
-11
-5
60
12
18
-16
-44
52
-27
22
4
16
-64
-9
58
-25
-4
-7
103
-115
-32
42
10
27
10
-83
61
9
36
-89
35
-14
21
-20
-41
75
-15
-30
3
21
-32
-55
32
-18
91
-73
46
-6
-32
50
7
-16
-33
33
-25
-49
117
1
-60
-39
90
-16
-68
38
15
-34
48
-5
5
-79
45
-79
0
84
1
-9
4
39
-77
58
-18
-60
57
28
-59
-41
139
-10
-108
50
0
34
-32
-8
-10
38
-56
64
-16
21
30
-33
11
58
-71
28
-7
-13
-31
21
70
-77
53
-31
87
-54
59
-106
-6
52
-17
19
-38
31
5
36
5
-149
138
-94
-19
27
101
-89
37
-5
11
-74
70
-54
26
37
-14
42
-98
86
21
-116
72
-42
2
45
-85
-12
22
27
45
-21
38
-127
80
-11
-29
21
7
20
-7
-29
9
-11
2
6
55
-2
-16
-72
23
-4
-2
45
25
-3
-25
-75
26
59
-32
59
-109
8
103
-76
34
-20
19
4
24
-80
51
-29
36
-50
91
-15
-19
-52
57
-46
1
-44
49
-20
28
-35
46
-37
40
23
-55
35
-29
-9
26
14
-30
30
-24
10
-6
-2
6
-92
39
97
-123
103
-43
34
-12
-72
38
-24
84
-23
13
-76
25
48
-15
57
-111
73
-5
-37
-43
106
-41
-28
5
-9
39
69
-104
-21
58
0
-55
60
17
-52
-20
61
24
-81
28
23
15
-67
61
-65
45
-33
-12
40
-35
7
27
-39
33
21
-38
-10
33
3
-9
-39
34
15
-34
-11
80
-107
-90
121
-15
-97
24
104
-95
37
-15
44
-29
-9
67
-102
12
25
50
-95
32
46
-56
61
-30
22
8
-64
44
-100
109
-50
55
-70
60
-4
-49
47
-31
9
5
6
-1
6
-21
-24
92
-44
17
-78
14
1
-8
67
-70
64
-37
7
49
-24
26
-15
-63
20
57
-12
46
-90
-7
43
-22
-31
72
-24
38
-61
47
-13
-20
-13
-57
0
77
4
-33
10
-8
21
-8
15
20
-7
17
-50
-75
136
-12
-105
91
-27
-11
41
28
-59
0
15
-14
9
-19
26
-75
75
13
-13
-78
64
3
28
-71
24
-14
59
-43
100
-58
-84
47
4
-18
30
-35
13
-41
54
-38
44
-63
57
-77
-2
115
-55
28
-1
-62
85
-46
-33
-7
44
-36
57
0
41
-31
-22
33
-50
16
7
-32
-59
52
20
18
5
-33
22
-51
82
-11
-75
14
49
-27
12
-13
-4
-29
-6
2
-46
56
29
-57
33
8
10
10
38
1
0
-86
29
29
14
-41
-4
-8
58
-62
38
-12
27
-42
16
-10
43
-43
-19
34
78
-90
-20
3
10
-15
36
-30
-37
0
83
-7
-6
-24
17
-13
-15
95
-64
-5
5
-13
-13
1
8
40
-61
50
-38
55
-120
87
-64
78
-49
-6
19
-10
36
-39
71
-25
-42
0
-25
75
-15
6
-54
32
-11
-3
33
-69
72
0
-23
-5
35
21
-119
0
93
-46
16
-14
30
-29
-24
23
19
-10
1
12
-79
132
-34
-93
109
-39
-38
76
1
-48
19
52
-137
84
-82
9
36
-25
68
-49
-2
27
-15
25
-38
62
-7
-66
67
-28
53
11
-87
8
47
-47
23
16
-33
30
-6
-26
29
-10
-58
-14
-9
127
-73
21
34
-56
19
-35
48
-20
15
-10
3
-103
160
-7
-80
27
-39
28
-4
55
-35
15
-7
-12
39
-38
11
-70
54
28
-75
39
-30
54
0
0
0
0
0
