283
41
38
38
38
38
38
38
39
38
38
37
37
38
38
37
41
37
38
37
37
37
37
38
37
38
38
37
37
37
38
38
37
38
37
38
37
36
46
37
37
37
37
38
38
37
37
37
38
36
37
38
37
37
37
38
37
37
37
37
38
37
38
36
38
37
38
38
38
37
38
37
37
38
37
38
39
38
37
37
37
38
37
37
36
38
37
37
37
39
37
37
37
37
37
37
37
38
37
37
38
37
38
38
37
37
38
37
38
38
38
39
38
37
37
37
37
37
37
37
37
38
37
37
37
39
38
38
38
38
37
37
38
37
37
37
38
37
37
39
37
39
38
36
36
37
37
40
36
36
38
36
37
37
37
38
37
37
38
36
37
37
37
37
37
37
37
38
37
37
37
37
37
37
37
38
37
38
36
36
37
37
38
38
37
37
37
39
37
38
37
37
37
39
37
38
37
37
37
37
37
37
39
36
37
38
37
37
37
37
37
38
37
38
37
37
38
38
37
37
37
40
37
37
37
37
38
37
36
37
38
37
39
37
37
37
38
37
37
37
38
37
37
37
37
37
37
38
37
37
37
37
37
37
37
37
37
37
38
37
37
38
37
38
37
37
36
38
37
37
37
37
37
38
37
37
36
37
37
37
37
37
37
37
37
37
37
46
37
37
38
37
39
38
37
37
38
37
37
37
38
37
37
37
38
37
37
37
37
38
37
37
38
37
37
38
37
37
37
37
37
37
37
38
37
37
37
37
38
37
38
37
37
37
37
37
37
37
37
36
36
37
37
37
38
37
37
38
37
39
37
37
