1237
1023
1126
1229
1229
1127
921
1025
1330
922
1228
1024
1543
1734
1536
1025
1228
1536
1331
819
820
1126
1434
921
1741
1126
1331
698
1248
819
1536
1331
1127
1433
1127
1229
1433
1434
1331
1435
1637
1331
1127
1025
1330
1229
1228
1741
1536
1330
922
922
921
1126
1127
717
1433
1332
1228
1024
1229
1434
825
1428
1126
1229
1024
1229
1536
1236
1426
1331
1537
1536
1228
1336
1736
1127
1331
1229
1331
1536
1331
1126
922
1229
921
1229
1330
1536
1126
1234
1224
1535
1127
1331
1536
1434
1061
1089
1536
1639
1331
1229
1126
1331
1336
1327
1126
1741
1434
1023
1638
1228
1639
1434
1331
1229
1024
1229
1126
1126
1331
1332
1536
1228
1639
1126
1332
1638
1536
1434
1433
1434
1331
1741
1126
1848
1020
1126
1536
1229
1537
1125
1126
1126
1229
818
1024
1229
1433
922
1536
1229
1029
1326
1433
1229
1434
1541
1531
1638
1639
1055
1115
1414
1744
1430
1332
1023
1230
1228
1434
1229
1131
1633
1234
1633
1332
1331
1127
1330
1473
1235
1392
1020
1520
