150 150 069 24.98 1004.91
200 200 072 24.96 1004.98
200 200 118 24.96 1004.98
200 200 150 24.96 1004.98
200 200 152 24.96 1004.90
200 200 166 24.96 1004.90
200 200 179 24.96 1004.90
200 200 182 24.96 1004.90
200 200 184 24.96 1004.91
200 200 199 24.96 1004.91
200 200 202 24.96 1004.91
200 200 217 24.96 1004.98
200 200 221 24.96 1004.98
200 200 228 24.96 1004.98
200 200 235 24.96 1004.98
200 200 240 24.96 1004.95
200 200 242 24.96 1004.95
200 200 245 24.96 1004.95
200 200 248 24.96 1004.96
200 200 256 24.96 1004.96
200 200 259 24.96 1004.96
200 200 263 24.96 1004.96
200 200 265 24.96 1004.94
200 200 268 24.96 1004.94
200 200 269 24.96 1004.94
200 200 270 24.96 1004.89
200 200 272 24.96 1004.89
200 200 276 24.96 1004.89
200 200 278 24.96 1004.89
200 200 278 24.96 1004.95
200 200 280 24.96 1004.95
200 200 280 24.96 1004.95
200 200 281 24.96 1004.88
200 200 282 24.96 1004.88
200 200 281 24.96 1004.88
200 200 281 24.96 1004.94
200 200 281 24.96 1004.94
200 200 282 24.96 1004.94
200 200 281 24.96 1004.94
200 200 281 24.96 1004.93
200 200 281 24.96 1004.93
200 200 281 24.96 1004.93
200 200 282 24.96 1004.92
200 200 282 24.96 1004.92
200 200 282 24.96 1004.92
200 200 282 24.96 1004.92
200 200 282 24.94 1004.93
200 200 281 24.94 1004.93
200 200 281 24.94 1004.93
200 200 281 24.96 1004.91
200 200 281 24.96 1004.91
200 200 281 24.96 1004.91
200 200 281 24.96 1004.91
200 200 281 24.94 1004.96
200 200 281 24.94 1004.96
200 200 281 24.94 1004.96
200 200 281 24.94 1004.95
200 200 281 24.94 1004.95
200 200 282 24.94 1004.95
200 200 281 24.92 1004.92
200 200 281 24.92 1004.92
200 200 280 24.92 1004.92
200 200 280 24.92 1004.92
200 200 281 24.94 1004.93
200 200 281 24.94 1004.93
200 200 282 24.94 1004.93
200 200 282 24.94 1004.89
200 200 282 24.94 1004.89
200 200 283 24.94 1004.89
200 200 283 24.94 1004.89
200 200 283 24.94 1004.93
200 200 283 24.94 1004.93
200 200 282 24.94 1004.93
200 200 283 24.94 1005.05
200 200 283 24.94 1005.05
200 200 283 24.94 1005.05
200 200 284 24.94 1005.05
200 200 284 24.92 1004.97
200 200 284 24.92 1004.97
200 200 284 24.92 1004.97
200 200 284 24.93 1004.95
200 200 284 24.93 1004.95
200 200 284 24.93 1004.95
200 200 284 24.93 1004.95
200 200 284 24.92 1004.95
200 200 283 24.92 1004.95
200 200 283 24.92 1004.95
200 200 283 24.92 1004.90
200 200 283 24.92 1004.90
200 200 283 24.92 1004.90
200 200 282 24.92 1004.90
200 200 282 24.94 1004.93
200 200 282 24.94 1004.93
199 199 282 24.94 1004.93
200 200 282 24.93 1004.92
200 200 282 24.93 1004.92
200 200 281 24.93 1004.92
200 200 281 24.92 1005.00
200 200 281 24.92 1005.00
200 200 281 24.92 1005.00
200 200 281 24.92 1005.00
200 200 281 24.94 1004.97
200 200 280 24.94 1004.97
200 200 280 24.94 1004.97
200 200 280 24.94 1005.02
200 200 279 24.94 1005.02
200 200 280 24.94 1005.02
200 200 280 24.94 1005.02
200 200 280 24.92 1004.96
200 200 279 24.92 1004.96
200 200 279 24.92 1004.96
200 200 280 24.94 1004.99
200 200 280 24.94 1004.99
199 199 280 24.94 1004.99
200 200 279 24.94 1004.99
200 200 278 24.93 1004.94
200 200 279 24.93 1004.94
200 200 279 24.93 1004.94
200 200 279 24.94 1004.99
200 200 279 24.94 1004.99
200 200 279 24.94 1004.99
200 200 278 24.94 1004.99
200 200 278 24.92 1004.98
200 200 278 24.92 1004.98
200 200 278 24.92 1004.98
200 200 277 24.93 1004.93
200 200 277 24.93 1004.93
200 200 277 24.93 1004.93
200 200 278 24.92 1005.01
200 200 278 24.92 1005.01
200 200 278 24.92 1005.01
199 199 278 24.92 1005.01
196 196 277 24.92 1005.01
199 199 276 24.92 1005.01
198 198 277 24.92 1005.01
197 197 275 24.92 1005.01
182 182 274 24.92 1005.01
179 179 269 24.92 1005.01
175 175 266 24.92 1005.01
174 174 264 24.92 1005.01
199 199 266 24.92 1005.01
198 198 266 24.92 1005.01
200 200 266 24.93 1005.02
199 199 267 24.93 1005.02
162 162 267 24.93 1005.02
158 158 266 24.93 1005.02
154 154 267 24.92 1005.01
199 199 267 24.92 1005.01
200 200 268 24.92 1005.01
200 200 269 24.92 1004.98
200 200 269 24.92 1004.98
200 200 272 24.92 1004.98
200 200 273 24.92 1004.98
200 200 274 24.92 1004.92
200 200 275 24.92 1004.92
200 200 276 24.92 1004.92
200 200 276 24.94 1004.96
200 200 277 24.94 1004.96
200 200 276 24.94 1004.96
200 200 276 24.93 1004.98
200 200 276 24.93 1004.98
200 200 276 24.93 1004.98
200 200 276 24.93 1004.98
200 200 276 24.92 1004.98
200 200 276 24.92 1004.98
200 200 277 24.92 1004.98
200 200 277 24.92 1004.92
200 200 277 24.92 1004.92
199 199 278 24.92 1004.92
198 198 278 24.92 1004.92
197 197 276 24.92 1004.92
200 200 274 24.92 1004.92
200 200 274 24.92 1004.92
200 200 275 24.92 1004.99
200 200 276 24.92 1004.99
199 199 277 24.92 1004.99
198 198 277 24.92 1004.99
197 197 275 24.92 1005.01
200 200 272 24.92 1005.01
200 200 273 24.92 1005.01
200 200 273 24.92 1005.05
200 200 274 24.92 1005.05
200 200 275 24.92 1005.05
200 200 276 24.92 1005.05
200 200 277 24.92 1005.06
200 200 277 24.92 1005.06
200 200 277 24.92 1005.06
200 200 278 24.92 1005.02
200 200 278 24.92 1005.02
200 200 277 24.92 1005.02
200 200 277 24.92 1004.96
200 200 276 24.92 1004.96
200 200 277 24.92 1004.96
200 200 277 24.92 1004.96
200 200 278 24.92 1005.03
200 200 278 24.92 1005.03
200 200 279 24.92 1005.03
200 200 279 24.92 1005.04
200 200 280 24.92 1005.04
200 200 280 24.92 1005.04
200 200 280 24.92 1005.04
200 200 280 24.90 1005.03
200 200 280 24.90 1005.03
200 200 280 24.90 1005.03
200 200 280 24.92 1005.04
200 200 281 24.92 1005.04
200 200 281 24.92 1005.04
200 200 281 24.92 1005.04