1408
1229
1434
902
921
1454
1331
1392
1168
972
1241
1166
1536
1229
1229
1229
1536
1024
1661
1475
1370
1126
1126
1257
1098
922
1229
901
1658
1229
921
1229
1169
1084
1433
1433
922
921
1536
1543
880
1264
1515
1353
1329
1268
1087
1098
990
983
1127
1024
1024
1126
1024
1433
1434
987
1402
1092
1639
1271
1129
1491
962
793
792
1241
1127
1228
980
1375
820
1638
1565
1405
1331
1228
1551
1317
1658
1223
1645
1423
1168
1833
984
1437
1430
715
1077
1949
1377
1503
1490
2227
1863
1601
1410
1673
1895
1052
1190
935
1182
1127
1331
1089
1207
1291
1352
1307
1358
1220
1211
819
1095
955
1432
1024
808
868
1293
1035
1525
921
1612
1460
1638
1018
1440
1332
1331
1536
1433
864
1389
1157
1491
1244
1526
1238
1340
1425
922
921
1542
730
1109
1125
922
1332
1131
918
1124
717
922
1331
922
819
1265
1090
820
819
1367
1398
1231
1743
919
921
1227
1229
1229
1127
921
922
1126
922
1126
1119
827
1638
1332
1626
1241
1639
1535
1129
1230
1471
1396
1027
1227
818
1573
