14
15
-57
38
-12
-8
14
-32
23
15
-21
5
0
20
-19
4
22
-39
5
24
14
-37
4
13
-32
39
13
-32
6
-3
-16
2
20
0
-4
-1
-21
-5
8
28
-7
6
-14
13
-4
-7
1
1
-4
50
-68
22
13
-3
8
-49
43
-14
17
-44
33
6
-2
2
-35
18
27
-12
-2
-2
39
-58
7
20
3
-32
3
18
-32
24
38
-60
17
15
-3
-14
11
0
1
-19
15
7
-3
2
-22
17
-3
0
5
-27
24
20
-23
-15
28
-4
-26
29
-9
3
9
-15
15
-1
-7
10
-13
2
-9
-3
14
-13
20
-17
1
26
-19
-13
27
-14
1
11
-19
19
-14
-2
-24
19
26
-15
-2
-33
43
-24
24
8
-27
7
-7
13
6
-6
15
4
11
-42
7
3
-4
-73
60
17
-17
9
-27
0
33
2
-4
1
-34
43
8
-1
-25
6
11
29
-1
-57
56
-13
12
-34
16
29
-24
4
-41
39
-15
0
7
-68
44
30
-11
13
10
-50
35
8
-25
-14
35
-27
-5
16
20
-16
-5
1
0
22
-8
5
-43
62
-43
24
-23
5
1
-9
31
10
-35
11
-11
37
-52
51
-10
-21
40
-32
37
-30
38
-26
10
-36
-2
0
-16
24
-6
-29
10
26
-8
35
-53
35
-48
68
-37
4
-23
-7
57
-74
49
-18
-9
19
-5
-22
35
9
-12
-13
-22
44
6
-21
21
21
-33
-10
8
-22
44
-71
23
34
-19
22
-12
-8
20
0
-36
64
-100
70
-25
-26
30
25
-24
0
6
-7
-4
4
9
40
-16
-25
-27
30
17
-30
7
10
-64
108
-50
-39
31
-3
11
-17
44
-48
-14
51
-29
28
-9
-21
81
-40
-19
-26
47
-35
-36
27
-31
34
-25
61
7
-26
-32
99
-44
-38
-12
16
7
17
-26
9
-9
-14
32
-20
29
-11
-4
-8
24
-29
39
-32
38
-26
-30
0
37
-15
-10
18
13
-59
39
3
-7
12
-17
19
-10
1
-8
9
68
-54
-41
31
6
-7
3
12
-31
9
31
-21
-38
16
34
46
-59
4
0
-8
-3
-9
23
-11
18
-17
-20
41
-21
20
-33
-19
12
41
-77
85
-74
-8
45
-8
14
0
-16
21
-9
-7
25
-41
1
-4
1
52
-19
-55
72
-72
45
18
-8
13
0
11
-18
-17
-7
21
-24
29
-28
2
14
-13
22
0
29
-26
-26
14
18
-37
34
-49
66
-91
80
-36
18
-27
28
-28
30
8
-17
1
9
-5
1
23
-32
5
-8
19
-20
22
19
-40
4
31
7
-21
-10
31
-18
5
11
-1
-15
-8
4
15
-28
14
-19
13
5
-27
0
16
7
11
24
-60
48
-4
-47
53
8
-41
0
-10
-48
69
18
8
-11
-10
6
-14
7
24
-18
-3
6
8
-44
77
-108
4
55
-1
2
-10
2
-6
15
3
-4
-7
6
0
13
-18
0
36
-37
28
-52
20
13
-37
37
-3
-7
-12
-2
16
18
-18
-17
23
-28
9
7
-48
4
56
-44
70
-15
-2
4
-11
-30
28
27
-33
12
-43
12
36
-34
67
-25
-27
8
18
-49
23
-2
47
-48
-27
65
-51
20
57
-79
37
8
-72
68
-11
3
-18
-4
35
-7
1
-28
25
1
-1
0
-34
58
-64
31
-27
41
-20
50
-55
15
-4
7
-13
11
3
-28
4
4
50
-77
45
2
15
-52
24
29
-63
45
-9
-22
20
25
-38
7
2
5
-4
3
-61
71
-35
26
2
7
-28
5
-6
27
-24
-9
34
13
-11
-13
10
29
-57
14
9
-17
5
71
-54
-28
12
6
-7
9
16
-36
0
0
-5
10
-9
21
12
-25
30
-22
-2
32
-48
16
53
-58
12
-1
-5
-14
39
6
-40
-10
-28
89
-27
-17
26
8
-29
-32
33
-1
1
3
-16
-19
12
42
-62
41
-21
9
13
-9
5
9
-33
33
1
-26
-14
42
20
-52
42
-47
54
14
-37
-16
48
-3
-11
39
-64
54
-79
28
3
6
-33
25
-41
27
-2
4
12
10
-17
40
0
-50
33
-8
26
-28
-1
-17
6
18
23
-42
5
3
18
-38
10
23
-16
3
26
-53
28
11
-9
4
-18
53
-27
-41
33
-12
-14
42
-35
18
-33
13
21
-68
14
-24
-29
31
6
68
-10
0
0
-1
-25
72
-30
-32
42
-58
47
-100
75
5
-15
11
15
17
-71
7
27
21
-21
15
-19
7
16
-27
-1
-17
12
48
22
-41
-7
-1
37
1
-34
-2
-20
38
-24
17
-40
-25
42
2
13
9
-42
-21
40
-22
59
-36
5
25
-37
-23
56
12
-35
-11
16
28
-76
28
-38
45
30
31
-36
-38
-3
25
0
9
-7
-2
-2
-8
14
0
2
-26
44
-40
48
-21
-1
-20
24
-11
19
-21
23
-21
30
-61
33
-10
21
-10
25
-23
-15
11
-10
20
-6
29
-17
-23
10
20
-47
55
-9
-6
37
-47
-34
18
-1
6
0
19
-19
1
6
-8
9
13
-41
-11
41
-10
36
-29
34
-40
39
-42
47
-23
-1
-21
36
-15
-10
-29
15
4
7
-5
-21
25
-2
-32
33
28
-28
-6
10
-3
-5
-12
8
23
