367
1659
2038
1570
1454
972
405
1311
1376
827
601
327
376
1933
1302
1083
1100
549
351
1650
938
557
559
348
1211
1486
1343
887
557
444
869
919
486
369
289
199
1409
1715
1281
1255
1001
382
402
782
713
665
406
563
1825
1650
1494
1231
1069
558
1176
1344
1196
994
680
929
1932
1538
1394
700
421
1054
1165
1247
1155
690
982
2399
1686
1411
1105
1054
982
1140
1099
1003
938
965
1310
1833
1108
960
849
579
444
1041
755
733
608
286
880
1870
1029
784
626
354
417
621
499
421
401
278
1170
2368
1183
902
647
335
577
1481
874
705
355
248
2181
1564
1477
994
411
399
1129
956
655
424
338
274
2001
1788
1754
1324
781
857
1723
1144
706
503
354
1933
1671
1201
953
881
724
750
1434
825
740
542
595
1306
1946
1394
995
668
333
1260
2357
1776
1444
1026
543
1719
1281
1195
1039
645
1092
1908
1305
1001
613
542
778
2301
1538
1703
1466
1328
1196
1223
1367
1136
1112
915
1235
1431
1264
1571
1581
1700
1416
1422
1267
1214
1145
913
642
896
1340
1688
1659
1675
1756
1997
1957
2007
1995
1976
1961
1846
1709
1721
1787
1973
1830
951
258
240
193
330
1455
1016
1696
2235
2321
2140
2047
2122
2101
2059
2084
2151
2399
2283
2325
2271
2174
1691
808
461
507
413
801
1275
999
1051
950
1215
1436
1191
1506
969
732
435
528
1324
1448
1928
1737
1427
1634
1559
2174
2013
1945
1312
746
1653
1538
1169
1097
961
716
1699
1235
994
1002
765
1327
2084
1500
1362
779
822
851
846
729
663
806
1833
2223
1924
2261
1877
1963
1961
807
728
620
641
722
948
1012
849
1012
1053
1088
1221
1493
1233
1216
1593
1462
1523
1383
1351
1669
1650
1759
1570
1199
992
1353
1989
2161
1998
1934
2015
2290
2038
1554
1764
2018
2042
1810
1786
1892
1886
1738
1529
1772
1810
2049
1550
870
589
693
815
1018
1295
1610
1547
1507
1160
768
796
1828
2027
1516
1827
1853
1702
1881
1853
1939
1895
1692
1879
1723
1713
1782
1768
1785
1187
809
707
497
628
1183
1087
1004
992
682
568
1690
1131
1025
792
756
699
720
736
710
640
518
1074
1721
2038
1765
2061
2057
2292
1493
599
631
630
580
1921
1541
1492
1430
1717
2035
1990
1816
1863
2079
2113
1913
2058
1607
1699
1083
591
666
1016
854
746
753
656
904
1246
1426
1601
1665
1806
1715
1785
1531
1821
1781
1941
1608
1419
1627
1763
1763
1467
1332
1378
1535
1138
612
975
1461
1306
1283
1295
1309
935
905
1010
1496
1589
1739
1839
1551
1351
1364
1321
1308
1386
1818
1805
1438
1206
704
1429
1340
1267
1246
938
680
1409
1190
1141
1341
1179
1043
1651
1289
1158
1118
970
964
869
909
800
589
676
1177
1757
1849
1519
1617
1680
1533
1744
953
656
709
1072
1868
1928
1698
1923
1843
1919
1967
2118
2054
1885
1912
1884
2221
2142
1888
1892
1058
603
693
554
811
966
1139
1129
1551
1115
1329
1398
1367
1386
1314
1287
1325
1275
1213
1347
1355
1044
595
537
359
483
903
806
855
840
986
1709
1286
1154
1518
1609
1649
1376
1676
775
552
621
748
1658
1716
1573
1593
1613
1807
1770
1745
1653
1693
1864
1959
1576
1630
1764
1950
1661
1897
1634
1586
1587
1305
1126
1513
1859
1162
1338
1337
1065
986
1091
933
1252
1009
1246
1538
1441
1252
1195
999
1056
1076
949
1029
1236
1020
937
1387
770
1156
1389
1037
1322
1083
966
983
731
1003
1021
1170
890
1105
1041
908
1113
1102
829
767
656
519
693
1164
590
616
751
558
688
807
871
837
968
860
914
825
697
682
647
806
1046
976
899
719
609
874
1371
887
547
562
802
636
703
614
649
553
575
650
1232
679
588
492
336
962
1280
1053
979
818
606
1481
1029
678
486
454
407
1103
972
1012
751
495
706
1871
1550
1507
1159
1014
888
796
684
766
607
589
1255
1462
1328
1492
1503
1569
1485
1460
1202
1232
1075
583
874
1823
1769
1588
1821
1885
2124
2104
2142
2033
2118
2157
2215
2065
2038
1907
1805
1779
1715
1536
1085
387
523
879
1161
1330
1384
1981
2218
2046
2063
2018
2064
1926
1656
1983
1841
1855
1883
1882
2055
1901
1757
565
435
515
807
1063
1278
873
937
1160
1458
1317
1067
987
1033
1045
1018
1328
1516
1959
2096
1831
2067
2110
1779
1726
1808
1079
750
1368
1218
763
780
536
572
1124
828
752
747
526
694
1722
1028
805
578
534
568
575
570
503
670
2231
2182
1953
2086
2236
2217
2343
2232
1521
747
636
586
577
1723
1827
1792
1901
2183
2009
1935
1862
1860
1888
1945
1966
1888
1859
1815
1862
1771
1656
1054
556
539
507
445
1141
1772
1310
1547
1635
2236
1897
1874
1612
1981
2283
2145
1915
1791
1747
1685
1586
2001
2106
1859
1795
1303
612
831
1799
1807
1847
1655
2012
1717
913
817
1619
1696
1622
1675
1799
1550
1336
1384
1845
1715
1708
1698
1561
1576
1576
1427
895
594
596
488
614
778
692
560
754
514
751
2024
1402
1049
922
917
841
820
926
839
712
1151
2071
2082
2317
2356
2315
1731
1237
669
518
476
562
523
1463
1467
1274
1213
1873
1470
1620
1845
1824
1900
1921
1699
2028
1715
1662
1025
652
611
686
605
624
575
522
604
1608
1834
1591
1665
1708
1769
1637
1574
1781
1319
1456
1420
1605
1763
1869
2080
1837
2268
1677
933
778
693
713
1293
2246
1745
1453
1634
1028
713
639
599
517
740
766
1176
1189
