915
1480
721
681
1587
792
1485
1326
1271
1458
1582
1207
1102
640
1491
1357
1149
1012
906
674
846
1481
967
1482
771
682
1193
847
1572
1164
1131
631
825
997
1391
1058
683
824
1318
1469
1548
1274
1328
924
995
826
1187
1053
671
1158
806
1234
1368
1440
856
1362
1368
970
768
1101
744
1235
989
1411
728
1031
969
1417
1030
619
763
773
1386
1453
1098
822
1609
1071
1621
867
1644
1173
1229
814
1344
720
662
1463
1240
1305
808
753
1364
1082
1645
1434
1273
717
1069
755
1546
1286
1278
1261
805
919
968
1098
1644
1440
999
1070
1264
1220
1465
1052
1530
1158
1109
1404
967
826
661
751
1235
1031
1416
1450
650
869
1061
1428
1312
783
973
899
926
629
843
642
820
1345
1492
1038
1556
1075
1201
1271
1344
1111
767
1314
623
1511
964
1513
1222
1102
640
856
777
1363
961
1342
1447
733
901
783
642
1309
1093
917
701
1549
948
703
733
1421
793
714
1358
836
1011
1340
1239
1299
743
1153
1422
1531
1243
806
1218
1870
1424
840
1109
1177
1443
1382
725
1410
1322
769
1387
1195
1462
1194
1180
864
1021
789
924
916
918
1610
1322
