19
-1
13
2
-31
14
-5
7
0
3
9
-29
24
-11
-4
28
-8
-32
10
9
-4
-2
-30
6
42
-22
12
0
-6
18
0
1
-8
-13
-5
33
15
9
-26
-57
45
-12
8
-16
46
-20
-30
6
21
-8
-65
77
-17
-6
22
-12
15
-20
-25
44
-30
4
-60
5
17
-84
103
-56
39
23
-68
21
10
0
-8
10
-1
13
-9
29
-24
17
-91
71
-17
56
-76
16
18
-22
-6
35
-2
-96
121
25
-86
18
11
-5
-13
12
1
-3
23
-18
3
-7
13
-23
9
2
8
-9
7
-6
0
-19
16
1
-18
13
72
-80
-15
35
-16
31
-17
-9
8
9
-29
24
-1
-3
12
2
-1
-10
-11
21
-27
-33
34
5
-2
7
12
-14
22
-34
-11
10
12
4
-15
12
-12
10
-12
4
11
-47
78
-123
29
52
-11
-6
25
-13
7
-3
6
-8
24
-82
39
50
20
-46
15
-11
-29
8
15
-6
5
27
-41
18
-8
40
-40
47
-27
-14
-3
0
-2
-4
18
-10
1
13
-17
-15
29
-13
-58
44
20
-5
-15
11
24
-39
21
-64
75
-22
23
-19
9
2
-8
-6
3
12
-4
3
-2
56
-25
-40
-21
24
5
24
-12
-32
39
-16
25
-25
10
18
-41
-66
59
34
10
-18
-24
21
-9
0
18
-34
30
1
65
-56
-34
30
-17
-8
9
1
8
15
-15
-4
-8
-3
-15
24
1
24
-16
-4
7
-11
-7
20
-2
0
-18
-29
55
-62
1
58
-31
22
2
-28
26
-19
3
-5
-5
33
5
23
-64
3
8
14
2
-7
-10
5
5
-6
0
8
-14
-13
37
-22
20
2
12
-35
5
16
-45
23
5
-4
-10
35
4
-37
32
-18
-5
22
-11
30
-40
17
-9
1
9
46
-26
21
-43
-29
40
-5
-16
-12
49
-48
-5
11
13
19
14
-47
-16
32
-5
0
4
11
-5
-7
10
5
-12
-17
-7
10
-43
37
14
-14
6
29
-46
27
26
-47
35
7
-45
-30
75
-32
6
10
-10
-13
38
-16
0
-15
29
-25
53
-34
-9
14
-7
-7
-4
10
-40
16
10
-7
12
-2
-3
8
-30
9
39
-44
10
8
17
-18
0
-8
4
7
-63
46
46
-14
-23
21
-31
3
24
-8
0
-5
25
-19
-13
-47
44
4
5
12
-7
4
-29
18
12
15
0
-34
37
-31
37
-48
13
-8
0
-10
55
-18
-40
29
-16
1
5
29
-16
-7
-5
-1
5
4
-3
-3
-3
4
0
-2
31
-70
21
31
-38
36
-9
-33
9
0
30
0
5
-6
43
-62
7
37
-70
61
-29
-5
21
-12
-17
9
-3
12
9
2
23
-71
64
-39
14
9
-35
6
3
17
-28
44
-1
-35
43
-44
2
-14
39
4
-11
-29
17
3
20
-4
28
-46
-71
135
-84
2
32
-8
10
1
23
-57
31
-15
14
-26
60
-57
35
-3
-3
-25
19
0
-32
6
6
35
-14
-19
-20
74
-54
-1
62
-51
4
-27
66
-6
-19
-6
20
-75
52
10
-49
57
-35
16
-27
49
-41
21
-4
4
-10
-6
24
-46
-12
68
-8
-5
-11
-13
66
-80
49
-43
20
38
-17
1
-18
-7
-2
16
-15
-26
1
10
22
-4
-8
22
5
11
-40
9
68
-55
-3
-4
12
1
-9
-5
12
5
-10
-49
60
40
-77
28
-28
68
-56
11
25
-55
49
1
13
-26
17
12
-4
-24
-16
39
-66
21
17
7
-2
-11
-34
17
11
1
28
-33
10
-36
16
24
-11
34
0
-27
1
7
-21
6
9
17
-46
20
34
-23
-39
12
-3
7
-21
40
1
-13
-1
24
-51
-6
16
29
-11
-2
-2
-1
8
-28
15
-26
26
28
-26
29
-31
-29
44
18
11
-16
-25
-27
36
24
-32
-15
7
54
-56
44
-35
12
8
-21
27
-5
70
-77
30
-57
21
-22
36
-28
0
24
-1
21
-43
32
-53
3
45
-14
-2
29
-30
2
14
-20
-13
29
-22
34
-32
-8
11
23
-13
-2
8
-13
2
4
9
-11
15
26
-7
-32
-21
41
-21
9
13
-9
-9
5
5
-17
14
-38
11
99
-100
7
-10
38
-17
34
-14
-35
11
-12
17
-9
13
-24
35
-15
0
-8
16
-2
16
0
-18
1
-6
5
47
-103
22
39
-26
-6
50
-14
-31
47
-29
30
-33
-14
25
28
-44
-4
-3
13
-2
6
-6
22
0
-8
-11
13
-14
-35
46
15
-46
40
-14
2
-3
-8
37
-14
-15
0
36
11
-5
-20
-9
14
-5
-46
15
-27
5
64
-44
6
46
3
-71
45
-29
21
-14
32
18
-63
60
-8
8
-47
21
-3
25
2
-58
14
-16
31
27
-22
7
-10
-33
29
8
57
-54
7
-16
52
-32
29
-27
-26
31
-1
13
-24
15
52
-47
-11
21
-11
-20
12
14
-30
2
14
-8
5
-17
-49
78
-27
-27
38
13
-41
8
19
-28
2
52
-49
-19
9
-29
64
-2
-27
12
9
-15
3
0
10
-1
5
-24
-5
-14
18
67
-63
37
-56
-19
62
-13
-26
14
-17
36
-6
47
-33
-6
-13
12
-16
46
-51
37
-18
13
7
-55
43
-70
