544
901
1392
1387
1368
1273
475
574
3597
2716
1852
1356
1192
813
547
506
1203
1067
991
774
442
360
3731
3773
2922
1858
1163
795
750
2025
1675
1666
1619
1193
1904
2187
2457
3932
3246
4018
3564
2334
2003
1641
2289
1646
1873
1573
1230
1505
4803
3846
3541
2581
1827
1272
1383
1959
2482
2185
2000
1505
980
2130
2701
4346
4432
3422
2234
1738
1764
1568
2863
3480
2016
1626
1112
991
3136
3460
2147
1911
1891
1695
552
2088
2637
2296
1917
1345
962
2530
2612
3136
3869
3355
2566
2039
2133
1648
1530
1317
1003
1092
818
843
750
802
1522
1630
978
908
395
354
381
193
92
429
793
1026
985
1564
3276
2628
2002
1467
1313
890
555
494
502
537
471
412
391
490
2537
2240
1561
1551
1142
766
749
660
778
666
548
456
384
800
2502
2587
2123
1432
821
358
318
411
611
494
388
420
318
986
2808
2225
1795
1569
959
677
568
539
843
651
580
648
854
2564
2535
2612
2421
1762
1175
926
652
606
615
567
496
502
416
1052
3444
2381
1571
1430
1214
1205
650
480
947
1045
782
934
1959
2902
2535
2601
2522
1748
1171
872
825
654
584
539
535
481
436
2328
3180
1690
1258
724
410
421
540
370
706
870
727
667
399
1794
3788
2310
2327
2003
1255
618
557
454
904
814
545
552
432
514
3705
3604
2745
1941
1705
949
653
644
1029
954
891
599
514
474
2758
3313
2584
1630
851
532
445
464
752
723
546
599
483
541
1868
3162
1945
1297
735
511
532
435
1030
895
625
501
445
426
1183
3371
2286
2137
1358
770
709
677
913
844
729
694
648
589
1009
3017
2611
1526
1167
734
532
482
830
686
602
572
641
474
1283
1846
2219
1796
1512
1337
940
856
1277
1160
900
833
562
452
401
1236
2742
1825
1494
1137
961
499
769
1253
984
837
800
577
637
1717
4598
3368
3011
1953
1347
843
775
638
688
717
631
618
481
1026
2958
2060
1819
1321
770
438
350
563
335
287
1182
1773
1946
2386
3139
3321
3111
2389
2019
1417
1073
757
736
704
835
780
655
549
1095
2019
1725
1755
1431
1140
937
692
604
772
679
638
469
452
2357
2647
2582
1786
1371
910
496
339
416
727
476
434
309
211
1184
2916
1934
1594
1202
1105
823
629
687
1185
973
949
935
1179
2996
4275
2655
1600
1692
1091
995
806
756
981
710
581
508
493
523
3401
1848
1428
1533
1045
767
548
829
1244
826
1106
1312
965
1369
4153
2898
2461
1860
1310
1014
798
721
614
629
607
477
429
761
1380
2236
1599
933
321
221
158
148
389
811
674
641
431
913
2446
3086
2530
1557
1270
818
496
794
1013
996
841
628
673
816
3015
2631
2154
1573
881
686
795
1327
1317
882
831
724
607
571
2035
3557
2779
2118
1303
901
546
892
1320
1144
880
620
564
519
3109
3915
2736
1807
1365
560
562
887
1450
982
673
465
351
404
2240
3918
2985
2057
1380
930
718
1146
1082
723
882
831
762
940
3234
3568
2233
1476
993
656
462
583
789
705
1060
820
644
703
2083
3144
1876
1577
1465
1109
891
1010
1011
1021
903
744
833
686
1122
3522
2013
1440
1622
604
589
647
1049
1452
1086
868
699
633
1648
3902
3219
2520
1611
1057
876
893
1457
1012
1601
1497
1078
855
910
2391
2891
2395
1081
871
634
547
1413
2789
2123
1737
1461
1216
1240
1904
2408
1604
1667
1876
1485
1467
1223
1181
1366
1721
1832
1428
1239
1341
2107
2042
1842
1916
1660
2024
2871
1810
1715
1355
1620
1985
2184
2138
2326
1933
2169
1478
1647
1413
1290
1315
2077
1946
1551
1326
1206
1539
2140
1832
1449
1347
1469
1452
1521
1209
1144
1191
1089
1460
990
1384
3537
3037
2053
1766
1689
1216
1500
1632
1479
1438
1542
1221
1179
1190
2122
3439
2436
1721
1545
1255
1426
1230
1325
1340
1135
911
697
644
2142
2203
2818
2195
2153
1928
1422
1322
1409
1501
1507
1604
1019
1339
1294
2792
2635
2064
1441
1857
1588
1632
1666
1218
1166
1312
918
1163
1541
2814
2714
2472
1356
1529
1242
1532
1079
1000
1178
1010
1473
1167
1113
3364
3186
2138
1747
1324
1325
1257
1451
1258
1092
1336
1123
1085
2046
2619
1651
2223
1527
757
569
668
882
829
728
736
571
601
971
2985
3112
2131
1755
1667
1699
1495
776
1674
1353
1185
1328
1209
2799
3101
2940
1976
1749
1235
941
690
726
1515
1897
1339
960
788
824
2795
2590
1827
1564
1010
679
430
1256
1273
1064
949
506
279
782
3077
3359
2222
1489
1509
855
720
895
1365
1691
1122
891
861
673
970
2536
2224
1520
1185
669
435
572
1493
1329
1014
795
600
406
2718
3894
2498
1845
1476
1228
724
770
2039
1568
1154
955
868
624
999
2316
2052
1450
913
728
727
1105
2341
2025
1570
1507
1542
1603
1309
1690
2125
1761
1391
1547
1247
1394
1488
1202
1758
1539
1734
1501
1581
2755
2621
2042
2202
2056
1504
1778
1684
1085
1826
1664
1506
1890
1698
2500
2504
1856
1741
1195
1147
1272
1236
1370
1286
1138
1442
1685
1398
1485
1713
1820
1798
1213
1790
1204
1111
1172
867
1093
1081
626
1382
2297
3601
2280
2354
1783
1408
1119
1674
1662
1514
1444
1188
1249
1128
2564
3117
2144
2024
1271
1368
1073
1195
863
946
967
916
724
755
2199
2560
1942
1667
1822
1631
1315
1128
1597
1705
1536
1306
1114
1628
2257
3720
2431
1475
1621
1923
1905
1497
1209
1106
962
910
874
1224
1391
3153
