150 150 070 24.21 1013.18
200 200 069 24.21 1013.18
200 200 069 24.21 1013.18
200 200 097 24.21 1013.16
200 200 146 24.21 1013.16
200 200 146 24.21 1013.16
200 200 160 24.21 1013.16
200 200 160 24.22 1013.21
200 200 175 24.22 1013.21
200 200 175 24.22 1013.21
200 200 186 24.21 1013.20
200 200 186 24.21 1013.20
200 200 197 24.21 1013.20
200 200 207 24.21 1013.20
200 200 207 24.22 1013.18
200 200 219 24.22 1013.18
200 200 230 24.22 1013.18
200 200 230 24.20 1013.14
200 200 239 24.20 1013.14
200 200 239 24.20 1013.14
200 200 246 24.21 1013.17
200 200 246 24.21 1013.17
200 200 253 24.21 1013.17
200 200 257 24.21 1013.17
200 200 257 24.20 1013.14
200 200 259 24.20 1013.14
200 200 259 24.20 1013.14
200 200 263 24.20 1013.21
200 200 263 24.20 1013.21
200 200 265 24.20 1013.21
200 200 266 24.20 1013.21
200 200 266 24.20 1013.24
200 200 267 24.20 1013.24
200 200 267 24.20 1013.24
200 200 267 24.20 1013.22
200 200 266 24.20 1013.22
200 200 266 24.20 1013.22
200 200 267 24.20 1013.22
200 200 267 24.20 1013.19
200 200 266 24.20 1013.19
200 200 266 24.20 1013.19
200 200 266 24.20 1013.19
200 200 266 24.20 1013.19
200 200 266 24.20 1013.19
200 200 265 24.20 1013.19
200 200 265 24.19 1013.12
200 200 265 24.19 1013.12
200 200 264 24.19 1013.12
200 200 264 24.19 1013.18
200 200 264 24.19 1013.18
200 200 264 24.19 1013.18
200 200 265 24.19 1013.16
200 200 265 24.19 1013.16
200 200 265 24.19 1013.16
200 200 265 24.19 1013.16
200 200 265 24.19 1013.15
200 200 265 24.19 1013.15
200 200 265 24.19 1013.15
200 200 264 24.19 1013.18
200 200 264 24.19 1013.18
200 200 264 24.19 1013.18
200 200 264 24.19 1013.18
200 200 264 24.21 1013.22
200 200 263 24.21 1013.22
200 200 263 24.21 1013.22
200 200 264 24.20 1013.13
200 200 264 24.20 1013.13
200 200 264 24.20 1013.13
200 200 265 24.20 1013.13
200 200 265 24.19 1013.13
200 200 265 24.19 1013.13
200 200 265 24.19 1013.13
200 200 265 24.18 1013.11
200 200 265 24.18 1013.11
200 200 265 24.18 1013.11
200 200 264 24.19 1013.14
200 200 264 24.19 1013.14
200 200 264 24.19 1013.14
200 200 264 24.19 1013.14
200 200 264 24.19 1013.14
200 200 265 24.19 1013.14
200 200 265 24.19 1013.14
200 200 265 24.20 1013.19
200 200 265 24.20 1013.19
200 200 266 24.20 1013.19
200 200 266 24.20 1013.19
200 200 266 24.19 1013.15
200 200 267 24.19 1013.15
200 200 267 24.19 1013.15
200 200 266 24.19 1013.18
200 200 267 24.19 1013.18
200 200 267 24.19 1013.18
200 200 267 24.19 1013.18
200 200 267 24.19 1013.24
200 200 267 24.19 1013.24
200 200 267 24.19 1013.24
200 200 267 24.20 1013.12
200 200 266 24.20 1013.12
200 200 266 24.20 1013.12
200 200 266 24.20 1013.12
200 200 266 24.20 1013.18
200 200 266 24.20 1013.18
200 200 265 24.20 1013.18
200 200 265 24.19 1013.14
200 200 265 24.19 1013.14
200 200 265 24.19 1013.14
200 200 265 24.20 1013.14
200 200 265 24.20 1013.14
200 200 265 24.20 1013.14
200 200 264 24.20 1013.14
200 200 264 24.20 1013.13
200 200 263 24.20 1013.13
200 200 263 24.20 1013.13
200 200 263 24.19 1013.11
200 200 263 24.19 1013.11
200 200 263 24.19 1013.11
200 200 263 24.19 1013.11
200 200 263 24.19 1013.14
200 200 263 24.19 1013.14
200 200 263 24.19 1013.14
200 200 263 24.20 1013.15
200 200 263 24.20 1013.15
200 200 263 24.20 1013.15
200 200 263 24.20 1013.15
200 200 263 24.19 1013.13
200 200 264 24.19 1013.13
200 200 264 24.19 1013.13
200 200 264 24.20 1013.15
200 200 264 24.20 1013.15
200 200 264 24.20 1013.15
200 200 264 24.20 1013.15
200 200 264 24.19 1013.15
200 200 265 24.19 1013.15
200 200 265 24.19 1013.15
200 200 265 24.20 1013.14
200 200 265 24.20 1013.14
200 200 265 24.20 1013.14
200 200 265 24.19 1013.12
200 200 265 24.19 1013.12
200 200 266 24.19 1013.12
200 200 266 24.19 1013.12
200 200 266 24.20 1013.24
200 200 265 24.20 1013.24
200 200 265 24.20 1013.24
200 200 265 24.19 1013.11
200 200 265 24.19 1013.11
200 200 265 24.19 1013.11
200 200 264 24.19 1013.11
200 200 264 24.19 1013.15
200 200 264 24.19 1013.15
200 200 264 24.19 1013.15
200 200 264 24.20 1013.20
200 200 264 24.20 1013.20
200 200 264 24.20 1013.20
200 200 264 24.20 1013.20
200 200 264 24.20 1013.13
200 200 263 24.20 1013.13
200 200 263 24.20 1013.13
200 200 263 24.20 1013.14
200 200 264 24.20 1013.14
200 200 264 24.20 1013.14
200 200 264 24.20 1013.14
200 200 264 24.20 1013.19
200 200 264 24.20 1013.19
200 200 265 24.20 1013.19
200 200 265 24.20 1013.15
200 200 265 24.20 1013.15
200 200 265 24.20 1013.15
200 200 265 24.20 1013.23
200 200 265 24.20 1013.23
200 200 265 24.20 1013.23
200 200 265 24.20 1013.23
200 200 265 24.20 1013.14
200 200 265 24.20 1013.14
200 200 265 24.20 1013.14
200 200 265 24.20 1013.14
200 200 264 24.20 1013.14
200 200 264 24.20 1013.14
200 200 264 24.20 1013.14
200 200 264 24.20 1013.13
200 200 265 24.20 1013.13
200 200 264 24.20 1013.13
200 200 264 24.21 1013.18
200 200 264 24.21 1013.18
200 200 264 24.21 1013.18
200 200 264 24.21 1013.18
200 200 264 24.20 1013.15
200 200 264 24.20 1013.15
200 200 265 24.20 1013.15
200 200 265 24.20 1013.11
200 200 265 24.20 1013.11
200 200 265 24.20 1013.11
200 200 265 24.20 1013.11
200 200 265 24.19 1013.15
200 200 265 24.19 1013.15
200 200 265 24.19 1013.15
200 200 265 24.20 1013.13
200 200 265 24.20 1013.13
200 200 265 24.20 1013.13
200 200 265 24.20 1013.14
200 200 265 24.20 1013.14
200 200 265 24.20 1013.14
200 200 265 24.20 1013.14
200 200 265 24.20 1013.14
200 200 265 24.20 1013.14
200 200 265 24.20 1013.14
200 200 265 24.21 1013.21
200 200 265 24.21 1013.21