000 000 069 24.27 1013.14
150 150 069 24.28 1013.20
150 150 070 24.28 1013.20
150 150 070 24.28 1013.20
150 150 069 24.27 1013.22
150 150 069 24.27 1013.22
150 150 069 24.27 1013.22
150 150 069 24.27 1013.15
150 150 069 24.27 1013.15
150 150 069 24.27 1013.15
150 150 069 24.27 1013.15
150 150 069 24.27 1013.13
150 150 069 24.27 1013.13
150 150 069 24.27 1013.13
150 150 069 24.26 1013.16
150 150 069 24.26 1013.16
150 150 069 24.26 1013.16
150 150 069 24.26 1013.16
150 150 069 24.27 1013.11
150 150 069 24.27 1013.11
150 150 069 24.27 1013.11
150 150 069 24.26 1013.16
150 150 069 24.26 1013.16
150 150 069 24.26 1013.16
150 150 070 24.26 1013.16
150 150 070 24.26 1013.14
150 150 070 24.26 1013.14
150 150 070 24.26 1013.14
150 150 069 24.25 1013.20
150 150 069 24.25 1013.20
150 150 069 24.25 1013.20
150 150 069 24.25 1013.20
150 150 069 24.26 1013.14
150 150 069 24.26 1013.14
150 150 069 24.26 1013.14
150 150 070 24.25 1013.14
150 150 070 24.25 1013.14
150 150 069 24.25 1013.14
150 150 069 24.25 1013.20
150 150 069 24.25 1013.20
150 150 069 24.25 1013.20
150 150 069 24.25 1013.20
150 150 069 24.24 1013.20
150 150 069 24.24 1013.20
150 150 069 24.24 1013.20
150 150 070 24.27 1013.13
150 150 070 24.27 1013.13
150 150 069 24.27 1013.13
150 150 069 24.27 1013.13
150 150 069 24.25 1013.19
150 150 069 24.25 1013.19
150 150 069 24.25 1013.19
150 150 070 24.25 1013.20
150 150 070 24.25 1013.20
150 150 069 24.25 1013.20
150 150 069 24.25 1013.20
150 150 069 24.25 1013.14
150 150 070 24.25 1013.14
150 150 070 24.25 1013.14
150 150 069 24.24 1013.19
150 150 069 24.24 1013.19
150 150 069 24.24 1013.19
150 150 069 24.24 1013.24
150 150 069 24.24 1013.24
150 150 069 24.24 1013.24
150 150 069 24.24 1013.24
150 150 069 24.24 1013.22
150 150 069 24.24 1013.22
150 150 069 24.24 1013.22
150 150 069 24.25 1013.11
150 150 069 24.25 1013.11
150 150 069 24.25 1013.11
150 150 069 24.25 1013.11
150 150 070 24.23 1013.07
150 150 069 24.23 1013.07
150 150 069 24.23 1013.07
150 150 070 24.24 1013.15
150 150 070 24.24 1013.15
150 150 069 24.24 1013.15
150 150 069 24.24 1013.15
150 150 069 24.24 1013.17
150 150 069 24.24 1013.17
150 150 069 24.24 1013.17
150 150 070 24.24 1013.24
150 150 070 24.24 1013.24
150 150 070 24.24 1013.24
150 150 070 24.24 1013.24
150 150 070 24.24 1013.15
150 150 069 24.24 1013.15
150 150 069 24.24 1013.15
150 150 069 24.24 1013.16
150 150 069 24.24 1013.16
150 150 070 24.24 1013.16
150 150 069 24.23 1013.13
150 150 069 24.23 1013.13
150 150 070 24.23 1013.13
150 150 070 24.23 1013.13
150 150 070 24.23 1013.13
150 150 070 24.23 1013.13
150 150 070 24.23 1013.13
150 150 069 24.24 1013.14
150 150 069 24.24 1013.14
150 150 070 24.24 1013.14
150 150 070 24.24 1013.14
150 150 069 24.23 1013.12
150 150 070 24.23 1013.12
150 150 070 24.23 1013.12
150 150 069 24.23 1013.18
150 150 069 24.23 1013.18
150 150 069 24.23 1013.18
150 150 069 24.23 1013.18
150 150 069 24.23 1013.11
150 150 069 24.23 1013.11
150 150 070 24.23 1013.11
150 150 070 24.24 1013.15
150 150 070 24.24 1013.15
150 150 069 24.24 1013.15
150 150 069 24.24 1013.15
150 150 069 24.24 1013.15
150 150 070 24.24 1013.15
150 150 070 24.24 1013.15
150 150 069 24.22 1013.10
150 150 070 24.22 1013.10
150 150 070 24.22 1013.10
150 150 069 24.23 1013.15
150 150 069 24.23 1013.15
150 150 070 24.23 1013.15
150 150 070 24.23 1013.15
150 150 069 24.24 1013.14
150 150 069 24.24 1013.14
150 150 069 24.24 1013.14
150 150 069 24.24 1013.18
150 150 069 24.24 1013.18
150 150 069 24.24 1013.18
150 150 070 24.24 1013.18
150 150 070 24.23 1013.18
150 150 069 24.23 1013.18
150 150 069 24.23 1013.18
150 150 070 24.23 1013.17
150 150 070 24.23 1013.17
150 150 069 24.23 1013.17
150 150 070 24.23 1013.17
150 150 070 24.23 1013.15
150 150 069 24.23 1013.15
150 150 069 24.23 1013.15
150 150 069 24.23 1013.11
150 150 069 24.23 1013.11
150 150 069 24.23 1013.11
150 150 069 24.23 1013.19
150 150 069 24.23 1013.19
150 150 070 24.23 1013.19
150 150 070 24.23 1013.19
150 150 070 24.22 1013.15
150 150 070 24.22 1013.15
150 150 070 24.22 1013.15
150 150 069 24.23 1013.16
150 150 069 24.23 1013.16
150 150 069 24.23 1013.16
150 150 070 24.23 1013.16
150 150 070 24.23 1013.17
150 150 069 24.23 1013.17
150 150 069 24.23 1013.17
150 150 069 24.23 1013.18
150 150 069 24.23 1013.18
150 150 070 24.23 1013.18
150 150 070 24.23 1013.18
150 150 070 24.22 1013.15
150 150 069 24.22 1013.15
150 150 069 24.22 1013.15
150 150 070 24.22 1013.15
150 150 069 24.22 1013.15
150 150 069 24.22 1013.15
150 150 070 24.22 1013.15
150 150 070 24.21 1013.13
150 150 069 24.21 1013.13
150 150 069 24.21 1013.13
150 150 070 24.23 1013.15
150 150 070 24.23 1013.15
150 150 070 24.23 1013.15
150 150 070 24.21 1013.17
150 150 070 24.21 1013.17
150 150 069 24.21 1013.17
150 150 070 24.21 1013.17
150 150 070 24.22 1013.14
150 150 069 24.22 1013.14
150 150 069 24.22 1013.14
150 150 069 24.23 1013.13
150 150 069 24.23 1013.13
150 150 069 24.23 1013.13
150 150 069 24.23 1013.13
150 150 069 24.22 1013.16
150 150 069 24.22 1013.16
150 150 069 24.22 1013.16
150 150 069 24.23 1013.13
150 150 069 24.23 1013.13
150 150 070 24.23 1013.13
150 150 069 24.23 1013.13
150 150 069 24.22 1013.18
150 150 069 24.22 1013.18
150 150 069 24.22 1013.18
150 150 070 24.23 1013.19
150 150 069 24.23 1013.19
150 150 069 24.23 1013.19
150 150 070 24.22 1013.18
150 150 070 24.22 1013.18
150 150 069 24.22 1013.18
150 150 070 24.22 1013.18
150 150 070 24.21 1013.18