-9985
12850
-20158
-3086
21322
-4458
-31299
-27249
-29674
-13480
18944
-14882
23000
-26774
32605
-28058
-22155
-4100
-22930
-7617
-2649
-20309
-27546
-28019
-23591
19377
-7263
-15592
-21286
-4351
-7036
-12669
-16549
21505
26029
-27490
27832
-8056
-7526
-6650
-8319
2506
2951
31311
-23085
27150
-11033
-17954
8612
-22314
-301
-18419
12032
-803
27022
-23954
19647
6320
-31856
-15895
-10669
3035
9327
-5711
32210
16185
1814
-28825
189
-29000
-26068
16926
21460
15198
-27875
-26241
31535
9237
-8492
255
14975
31708
-8944
-18522
29486
-509
22248
318
21538
-28574
1936
-642
-979
25480
-16056
-16293
-30643
-2545
32538
15305
24962
-26988
-18351
-14149
-31256
6180
-18390
17499
20194
-10445
-247
4449
1795
-4181
-31562
-10878
7754
-6909
3910
15545
1891
-2293
-27309
-17786
-18451
14692
10071
-24583
5468
-2984
24740
-27362
1718
-14563
1112
-25752
3474
-30786
-7492
20018
15972
-28387
9369
27940
-1782
-14717
17913
-21278
16578
-11836
29912
20974
-16024
-1512
-11014
21455
7645
31407
-10851
-3010
16067
-24751
1929
-15123
-6199
-20180
-13163
-5005
26850
3296
-11322
13240
12640
6341
-32497
10574
15269
-18430
27730
-19636
7315
14342
18667
7240
-22154
5994
7992
28519
-3274
-3780
-896
21370
-12103
3590
19852
1920
-31220
19689
16369
-7972
10011
6423
14676
-25157
-18146
-27464
-10580
18649
-22750
17734
-14223
23212
15368
22741
9640
19645
-22778
18578
12421
-14141
-26563
-8304
31764
21956
15888
12971
21069
-17222
4838
-6323
-17249
-11842
-14986
-30879
-7338
27570
-14523
1957
-6548
6915
19795
-4220
484
-19909
8246
3351
-32014
24103
-9307
-6724
-32667
-10758
-1634
29259
-5887
32168
864
-24554
31292
17743
27761
27801
-292
-25088
-957
-5352
21148
6838
-22091
-22389
18134
-28525
29245
-29212
7369
23364
-15079
-6865
-29768
-18313
964
7127
-20935
29405
16424
32029
-24674
8248
-14639
24691
7897
-20319
-6579
-7742
-27910
-7591
-10192
14631
-6549
-25813
-28686
22622
13878
19151
20356
-17534
9007
10764
-869
-20459
22468
5378
-8492
25336
-7064
25774
-20830
30519
-12992
-4652
-2529
8790
23111
23514
-2150
21864
15037
-18370
18034
2316
-20943
4119
-18222
11535
-26347
7488
13040
-11716
26404
32250
1379
-4146
-16064
31771
-14589
27038
-18141
-17411
-16239
12624
9008
-14792
-6492
9313
-9544
-1901
-15269
-7485
24170
28008
28572
-26705
14965
25901
-2850
-21888
12211
-28415
3881
-18530
-28928
-28170
-14305
-20802
16010
10634
-1246
-5469
17873
-3711
18158
-18101
0
0
0
0
0
0
0
0
0
0
0
0
0
0
0
0
0
0
0
0
0
0
0
0
0
0
0
0
0
0
0
0
0
0
0
0
0
0
0
0
0
0
0
0
0
0
0
0
0
0
0
0
0
0
0
0
0
0
0
0
0
0
0
0
0
0
0
0
0
0
0
0
0
0
0
0
0
0
0
0
0
0
0
0
0
0
0
0
0
0
0
0
0
0
0
0
0
0
0
0
0
0
0
0
0
0
0
0
0
0
0
0
0
0
0
0
0
0
0
0
0
0
0
0
0
0
0
0
0
0
0
0
0
0
0
0
0
0
0
0
0
0
0
0
0
0
0
0
0
0
0
0
0
0
0
0
0
0
0
0
0
0
0
0
0
0
0
0
0
0
0
0
0
0
0
0
0
0
0
0
0
0
0
0
0
0
0
0
0
0
0
0
0
0
0
0
0
0
0
0
0
0
0
0
0
0
0
0
0
0
0
0
0
0
0
0
0
0
0
0
0
0
0
0
0
0
0
0
0
0
0
0
0
0
0
0
0
0
0
0
0
0
0
0
0
0
0
0
0
0
0
0
0
0
0
0
0
0
0
0
0
0
0
0
0
0
0
0
0
0
0
0
0
0
0
0
0
0
0
0
0
0
0
0
0
0
0
0
0
0
0
0
0
0
0
0
0
0
0
0
0
0
0
0
0
0
0
0
0
0
0
0
0
0
0
0
0
0
0
0
0
0
0
0
0
0
0
0
0
0
0
0
0
0
0
0
0
0
0
0
0
0
0
0
0
0
0
0
0
0
0
0
0
0
0
0
0
0
0
0
0
0
0
0
0
0
0
0
0
0
0
0
0
0
0
0
0
0
0
0
0
0
0
0
0
0
0
0
0
0
0
0
0
0
0
0
0
0
0
0
0
0
0
0
0
0
0
0
0
0
0
0
0
0
0
0
0
0
0
0
0
0
0
0
0
0
0
0
0
0
0
0
0
0
0
0
0
0
0
0
0
0
0
0
0
0
0
0
0
0
0
0
0
0
0
0
0
0
0
0
0
0
0
0
0
0
0
0
0
0
0
0
0
0
0
0
0
0
0
0
0
0
0
0
0
0
0
0
0
0
0
0
0
0
0
0
0
0
0
0
0
0
0
0
0
0
0
0
0
0
0
0
0
0
0
0
0
0
0
0
0
0
0
0
0
0
0
0
0
0
0
0
0
0
0
0
0
0
0
0
0
0
0
0
0
0
0
0
0
0
0
0
0
0
0
0
0
0
0
0
0
0
0
0
0
0
0
0
0
0
0
0
0
0
0
0
0
0
0
0
0
0
0
0
0
0
0
0
0
0
0
0
0
0
0
0
0
0
0
0
0
0
0
0
0
0
0
0
0
0
0
0
0
0
0
0
0
