-9985
12850
-20158
-3086
21322
-8915
-8481
6273
-5143
6317
-27944
28114
-549
-4977
-14127
29923
-8903
30179
14334
19616
27244
-297
-833
-11379
-15975
25611
3058
-21646
-20822
-21261
18747
11476
-15606
6660
-25052
-5756
13202
28009
6336
-9059
-23544
-383
-29366
-30695
-16480
-12333
31086
-22318
1438
-27618
5511
-10071
-29645
-12935
-8842
14534
24488
-6241
-13852
-32100
21198
31127
1303
4373
29289
-5681
20378
-26954
31651
23642
-21007
-19771
-3052
-27977
11845
-16980
-23190
-11014
1764
18476
11261
-5591
32726
-26760
-13610
-6938
-18961
20592
7175
-13374
29786
20217
32681
13688
17916
-710
-7272
-27456
-18371
-1550
-21647
-7181
-30689
6381
9568
-26587
8196
-7168
-21538
7745
-11092
-10770
11224
24251
-6701
-28211
-151
666
19463
-25217
29575
-24637
608
21231
-29675
-3641
-27025
29600
24445
25946
-20773
24354
24730
29004
13110
-15874
-13548
-7311
7891
8370
-15465
-11471
1984
27014
-25268
-14719
-25480
-11702
-21735
12776
-2250
2040
-18833
-26405
-11326
-14711
-13849
-26954
16584
16693
28579
4377
5009
21252
16249
5148
-6957
-31935
-17313
-9329
12314
-10946
12033
-5103
21564
-24331
22014
-11676
-4608
3438
-58
5287
25008
-6284
-9191
-900
1559
-22321
-10321
-11539
-27284
-17950
5013
-10996
-19473
22255
-32496
-23974
-653
22156
534
22062
21142
8343
-24470
16270
-27369
-3474
-24561
6919
-4717
18643
12197
-29544
1098
-7886
453
-3358
-4368
255
22536
-12166
5806
11650
13495
-14551
29723
26240
-23447
21952
31850
-22357
25756
-648
-28567
12906
6371
-7114
17122
22047
-6136
-30238
6002
12516
8394
-21575
-29141
22050
7117
28416
16434
-29229
-5432
10824
-21900
-9168
-16202
267
-29556
-12162
255
-31079
-25054
-7143
-7474
31860
-6008
23071
14807
16176
13524
22929
-11304
-14544
12052
-17470
-21222
32035
-23433
23501
3124
-23559
228
-27808
-23527
-9069
25096
-22314
18923
-32499
19270
12501
18469
-22188
-10240
16002
-6539
9512
-13283
-6753
25500
-32439
21441
-25626
23240
10156
11705
10509
13117
10229
-2217
-15782
-7354
26782
21593
17985
-5226
-31068
-2835
-7607
-25834
18944
-1154
17433
25414
-11830
7970
-29594
18721
26351
-17434
5907
9446
8105
7799
-20375
-744
-13129
30490
24047
19236
-14543
-7794
-28601
8216
-12990
9458
26368
-14975
-22020
2633
12791
-25270
-3072
23027
-31566
-19312
21982
-16973
-32021
402
16832
-11923
19738
-20218
18745
-18349
-18352
-28944
11755
-32070
32616
10149
2304
-30049
255
-7213
999
-232
-30118
-7424
-31343
0
0
0
0
0
0
0
0
0
0
0
0
0
0
0
0
0
0
0
0
0
0
0
0
0
0
0
0
0
0
0
0
0
0
0
0
0
0
0
0
0
0
0
0
0
0
0
0
0
0
0
0
0
0
0
0
0
0
0
0
0
0
0
0
0
0
0
0
0
0
0
0
0
0
0
0
0
0
0
0
0
0
0
0
0
0
0
0
0
0
0
0
0
0
0
0
0
0
0
0
0
0
0
0
0
0
0
0
0
0
0
0
0
0
0
0
0
0
0
0
0
0
0
0
0
0
0
0
0
0
0
0
0
0
0
0
0
0
0
0
0
0
0
0
0
0
0
0
0
0
0
0
0
0
0
0
0
0
0
0
0
0
0
0
0
0
0
0
0
0
0
0
0
0
0
0
0
0
0
0
0
0
0
0
0
0
0
0
0
0
0
0
0
0
0
0
0
0
0
0
0
0
0
0
0
0
0
0
0
0
0
0
0
0
0
0
0
0
0
0
0
0
0
0
0
0
0
0
0
0
0
0
0
0
0
0
0
0
0
0
0
0
0
0
0
0
0
0
0
0
0
0
0
0
0
0
0
0
0
0
0
0
0
0
0
0
0
0
0
0
0
0
0
0
0
0
0
0
0
0
0
0
0
0
0
0
0
0
0
0
0
0
0
0
0
0
0
0
0
0
0
0
0
0
0
0
0
0
0
0
0
0
0
0
0
0
0
0
0
0
0
0
0
0
0
0
0
0
0
0
0
0
0
0
0
0
0
0
0
0
0
0
0
0
0
0
0
0
0
0
0
0
0
0
0
0
0
0
0
0
0
0
0
0
0
0
0
0
0
0
0
0
0
0
0
0
0
0
0
0
0
0
0
0
0
0
0
0
0
0
0
0
0
0
0
0
0
0
0
0
0
0
0
0
0
0
0
0
0
0
0
0
0
0
0
0
0
0
0
0
0
0
0
0
0
0
0
0
0
0
0
0
0
0
0
0
0
0
0
0
0
0
0
0
0
0
0
0
0
0
0
0
0
0
0
0
0
0
0
0
0
0
0
0
0
0
0
0
0
0
0
0
0
0
0
0
0
0
0
0
0
0
0
0
0
0
0
0
0
0
0
0
0
0
0
0
0
0
0
0
0
0
0
0
0
0
0
0
0
0
0
0
0
0
0
0
0
0
0
0
0
0
0
0
0
0
0
0
0
0
0
0
0
0
0
0
0
0
0
0
0
0
0
0
0
0
0
0
0
0
0
0
0
0
0
0
0
0
0
0
0
0
0
0
0
0
0
0
0
0
0
0
0
0
0
0
0
0
0
0
0
0
0
0
0
0
0
0
0
0
0
0
0
0
0
0
0
0
0
0
0
0
0
0
0
0
0
0
0
0
0
0
0
0
0
0
0
