57599
12850
5569
62964
21844
52684
25239
27404
7317
9534
46910
35786
17939
44939
32743
17750
64583
25071
21387
27473
65466
55648
45097
18115
20072
47963
34965
59164
9368
42966
46563
1827
11370
24804
16445
37319
12782
48141
44637
58624
37421
1702
32909
58758
37145
65089
41076
7399
47332
24599
26558
18405
32770
41350
28440
33347
16381
51624
39839
14289
27042
27945
21532
14803
58910
46567
41821
14894
44835
5511
53916
54670
51088
39124
13214
5595
8563
18195
42092
52538
7077
48508
4200
64917
47684
49791
32320
60864
3111
18672
13562
29447
41743
65139
43014
63210
13029
54159
26384
61495
15752
12690
36704
25399
51121
16618
49058
5065
11017
28580
33024
45657
15856
13652
31075
32036
39759
40710
41082
42851
33826
62963
18299
31643
15492
15417
36272
166
14007
37976
44678
25642
17267
18586
59221
6969
43339
30712
51336
841
54462
2446
50481
10728
3922
61759
29027
39470
8263
63646
56232
10702
36966
35702
57408
55434
20625
43375
3137
34464
148
17738
62303
22516
38026
41147
33433
18715
36644
53040
41204
46843
12930
39910
19151
59953
59960
21472
58905
10207
26866
35622
45408
19285
33133
23621
26706
63994
5192
54483
27177
131
41937
47144
51195
39246
47288
22516
62958
63889
46238
19951
64291
30907
18927
41956
41898
23313
64683
36163
31431
42092
50451
26991
44756
19725
47287
43510
26894
5607
26943
36302
3761
15417
50100
31372
992
18370
28739
53585
33073
57484
27717
59595
62881
64460
16484
16045
8576
31439
51502
46740
21063
62115
35925
29365
16295
14093
16010
38077
60223
16669
18347
51332
32878
59102
59795
40607
39580
47486
25391
15477
36866
44891
13653
44499
31232
58677
37066
7418
54200
48903
13432
15379
35028
61046
3888
32602
59280
25484
51933
61630
65066
5909
55925
1707
29333
13030
5739
48274
8012
13619
10319
58140
63036
5208
30918
19773
30694
30193
26540
1101
33933
46299
7435
30355
6168
59816
55502
3642
41779
15416
33146
60311
52422
14621
58230
4401
61080
13180
7663
55863
15620
7110
48590
52431
46090
40674
63503
20804
2970
50308
26390
49281
36373
59965
62774
47950
50149
40430
40625
23017
1059
40135
111
54935
56930
27462
49314
56917
41410
33507
11746
52060
34782
50518
17294
879
26565
62244
21793
49440
40221
18872
52295
37025
58446
25429
46990
40743
3923
64975
58558
63679
17323
22141
29584
16308
21791
10201
9790
31824
0
0
0
0
0
0
0
0
0
0
0
0
0
0
0
0
0
0
0
0
0
0
0
0
0
0
0
0
0
0
0
0
0
0
0
0
0
0
0
0
0
0
0
0
0
0
0
0
0
0
0
0
0
0
0
0
0
0
0
0
0
0
0
0
0
0
0
0
0
0
0
0
0
0
0
0
0
0
0
0
0
0
0
0
0
0
0
0
0
0
0
0
0
0
0
0
0
0
0
0
0
0
0
0
0
0
0
0
0
0
0
0
0
0
0
0
0
0
0
0
0
0
0
0
0
0
0
0
0
0
0
0
0
0
0
0
0
0
0
0
0
0
0
0
0
0
0
0
0
0
0
0
0
0
0
0
0
0
0
0
0
0
0
0
0
0
0
0
0
0
0
0
0
0
0
0
0
0
0
0
0
0
0
0
0
0
0
0
0
0
0
0
0
0
0
0
0
0
0
0
0
0
0
0
0
0
0
0
0
0
0
0
0
0
0
0
0
0
0
0
0
0
0
0
0
0
0
0
0
0
0
0
0
0
0
0
0
0
0
0
0
0
0
0
0
0
0
0
0
0
0
0
0
0
0
0
0
0
0
0
0
0
0
0
0
0
0
0
0
0
0
0
0
0
0
0
0
0
0
0
0
0
0
0
0
0
0
0
0
0
0
0
0
0
0
0
0
0
0
0
0
0
0
0
0
0
0
0
0
0
0
0
0
0
0
0
0
0
0
0
0
0
0
0
0
0
0
0
0
0
0
0
0
0
0
0
0
0
0
0
0
0
0
0
0
0
0
0
0
0
0
0
0
0
0
0
0
0
0
0
0
0
0
0
0
0
0
0
0
0
0
0
0
0
0
0
0
0
0
0
0
0
0
0
0
0
0
0
0
0
0
0
0
0
0
0
0
0
0
0
0
0
0
0
0
0
0
0
0
0
0
0
0
0
0
0
0
0
0
0
0
0
0
0
0
0
0
0
0
0
0
0
0
0
0
0
0
0
0
0
0
0
0
0
0
0
0
0
0
0
0
0
0
0
0
0
0
0
0
0
0
0
0
0
0
0
0
0
0
0
0
0
0
0
0
0
0
0
0
0
0
0
0
0
0
0
0
0
0
0
0
0
0
0
0
0
0
0
0
0
0
0
0
0
0
0
0
0
0
0
0
0
0
0
0
0
0
0
0
0
0
0
0
0
0
0
0
0
0
0
0
0
0
0
0
0
0
0
0
0
0
0
0
0
0
0
0
0
0
0
0
0
0
0
0
0
0
0
0
0
0
0
0
0
0
0
0
0
0
0
0
0
0
0
0
0
0
0
0
0
0
0
0
0
0
0
0
0
0
0
0
0
0
0
0
0
0
0
0
0
0
0
0
0
0
0
0
0
0
0
0
0
0
0
0
0
0
