57599
12850
5569
62964
21844
13451
52162
13523
54855
42836
64283
63679
20573
5565
50785
62952
14067
54568
26457
2831
61170
63351
40814
29935
3602
25237
29819
9750
47421
12725
15367
2498
15367
2990
18068
34186
7888
31074
28956
4309
46089
60285
16859
47105
5101
43288
5383
13319
17201
34024
35151
44811
20180
50477
12444
15557
54366
32081
45243
33129
9409
1541
35505
15169
65344
16213
27628
26078
20448
25505
1528
62904
57436
9413
21408
39182
44588
3673
30955
7395
43077
25978
34409
29914
42725
10332
16404
31280
7507
17082
65138
17485
9188
56528
12016
22212
41800
61630
37561
17788
13276
51078
40223
48583
54715
49096
46816
18269
63635
40010
1794
22912
4198
39225
16360
52260
4352
22121
34003
8784
21
3318
259
28082
48204
19165
15875
22265
25943
56779
11300
7031
13876
9528
41630
65421
24
49272
8430
336
47472
28303
42553
42955
39589
20495
61948
30040
26673
12846
5641
24970
5067
58713
23773
53767
58485
4924
51010
62672
63857
60195
60859
43762
8605
45883
53605
36062
42968
42553
42281
23592
10042
29444
37056
50949
18971
17939
16224
30001
53760
2416
26860
14730
38207
10372
63800
49754
16242
32915
62921
50050
24096
43107
62948
4588
8920
42752
27033
58963
3148
9753
932
63016
9972
39354
29071
62514
34825
59584
61501
34311
47868
60470
9354
15816
25967
12763
29467
53088
14578
28418
62777
50712
17145
14505
31168
38217
35578
32206
47980
33356
8821
46697
14466
45197
20392
11959
33864
15497
63167
31188
47141
51811
19166
30475
29382
25009
12095
63555
64015
25276
19766
3788
28305
24657
18294
13527
4679
255
57059
33011
394
13557
63218
11952
28893
64054
3533
4980
23603
23543
2024
64287
59945
55706
59520
50985
5164
28045
33009
24035
27717
41178
22400
22994
32740
60261
40628
36499
61667
11704
5844
51225
53042
31479
18088
49249
40612
32093
2560
42272
37788
34966
48591
3763
31134
27707
6216
5045
29704
45487
21200
16129
45921
3836
27984
25712
22861
22285
61242
11957
10624
62415
8343
27555
55311
19584
63983
37537
42946
29148
9715
23384
64916
45858
43389
30582
17706
34293
22308
13749
24894
6778
14341
30132
9344
15928
38465
10955
36516
1169
29454
6350
36353
1579
34449
48308
51893
6414
33473
22693
65252
3544
42977
20285
26092
44500
63592
63672
34567
64290
64654
65472
61782
58888
61471
49923
49152
64040
20948
7352
0
0
0
0
0
0
0
0
0
0
0
0
0
0
0
0
0
0
0
0
0
0
0
0
0
0
0
0
0
0
0
0
0
0
0
0
0
0
0
0
0
0
0
0
0
0
0
0
0
0
0
0
0
0
0
0
0
0
0
0
0
0
0
0
0
0
0
0
0
0
0
0
0
0
0
0
0
0
0
0
0
0
0
0
0
0
0
0
0
0
0
0
0
0
0
0
0
0
0
0
0
0
0
0
0
0
0
0
0
0
0
0
0
0
0
0
0
0
0
0
0
0
0
0
0
0
0
0
0
0
0
0
0
0
0
0
0
0
0
0
0
0
0
0
0
0
0
0
0
0
0
0
0
0
0
0
0
0
0
0
0
0
0
0
0
0
0
0
0
0
0
0
0
0
0
0
0
0
0
0
0
0
0
0
0
0
0
0
0
0
0
0
0
0
0
0
0
0
0
0
0
0
0
0
0
0
0
0
0
0
0
0
0
0
0
0
0
0
0
0
0
0
0
0
0
0
0
0
0
0
0
0
0
0
0
0
0
0
0
0
0
0
0
0
0
0
0
0
0
0
0
0
0
0
0
0
0
0
0
0
0
0
0
0
0
0
0
0
0
0
0
0
0
0
0
0
0
0
0
0
0
0
0
0
0
0
0
0
0
0
0
0
0
0
0
0
0
0
0
0
0
0
0
0
0
0
0
0
0
0
0
0
0
0
0
0
0
0
0
0
0
0
0
0
0
0
0
0
0
0
0
0
0
0
0
0
0
0
0
0
0
0
0
0
0
0
0
0
0
0
0
0
0
0
0
0
0
0
0
0
0
0
0
0
0
0
0
0
0
0
0
0
0
0
0
0
0
0
0
0
0
0
0
0
0
0
0
0
0
0
0
0
0
0
0
0
0
0
0
0
0
0
0
0
0
0
0
0
0
0
0
0
0
0
0
0
0
0
0
0
0
0
0
0
0
0
0
0
0
0
0
0
0
0
0
0
0
0
0
0
0
0
0
0
0
0
0
0
0
0
0
0
0
0
0
0
0
0
0
0
0
0
0
0
0
0
0
0
0
0
0
0
0
0
0
0
0
0
0
0
0
0
0
0
0
0
0
0
0
0
0
0
0
0
0
0
0
0
0
0
0
0
0
0
0
0
0
0
0
0
0
0
0
0
0
0
0
0
0
0
0
0
0
0
0
0
0
0
0
0
0
0
0
0
0
0
0
0
0
0
0
0
0
0
0
0
0
0
0
0
0
0
0
0
0
0
0
0
0
0
0
0
0
0
0
0
0
0
0
0
0
0
0
0
0
0
0
0
0
0
0
0
0
0
0
0
0
0
0
0
0
0
0
0
0
0
0
0
0
0
0
0
0
0
0
0
0
0
0
0
0
0
0
0
0
0
0
