196 196 239 24.44 999.35
194 194 239 24.44 999.35
196 196 238 24.44 999.37
195 195 238 24.44 999.37
196 196 239 24.44 999.37
195 195 240 24.44 999.37
196 196 239 24.44 999.40
195 195 240 24.44 999.40
193 193 239 24.44 999.40
196 196 238 24.42 999.34
195 195 237 24.42 999.34
196 196 237 24.42 999.34
195 195 239 24.42 999.34
196 196 239 24.44 999.29
195 195 240 24.44 999.29
193 193 239 24.44 999.29
196 196 239 24.44 999.41
195 195 240 24.44 999.41
196 196 240 24.44 999.41
195 195 240 24.44 999.41
194 194 240 24.42 999.38
193 193 239 24.42 999.38
191 191 239 24.42 999.38
196 196 235 24.44 999.44
195 195 235 24.44 999.44
196 196 235 24.44 999.44
195 195 236 24.44 999.44
194 194 236 24.42 999.37
193 193 234 24.42 999.37
191 191 232 24.42 999.37
197 197 228 24.42 999.45
196 196 229 24.42 999.45
197 197 232 24.42 999.45
196 196 233 24.44 999.34
195 195 234 24.44 999.34
194 194 235 24.44 999.34
192 192 234 24.44 999.34
197 197 233 24.42 999.46
196 196 235 24.42 999.46
195 195 236 24.42 999.46
194 194 236 24.42 999.37
193 193 235 24.42 999.37
192 192 233 24.42 999.37
190 190 231 24.42 999.37
198 198 227 24.44 999.42
197 197 228 24.44 999.42
196 196 232 24.44 999.42
195 195 233 24.42 999.36
194 194 233 24.42 999.36
193 193 233 24.42 999.36
197 197 235 24.42 999.36
196 196 237 24.42 999.35
195 195 237 24.42 999.35
194 194 237 24.42 999.35
193 193 237 24.42 999.35
192 192 237 24.42 999.35
191 191 232 24.42 999.35
199 199 234 24.42 999.35
198 198 237 24.42 999.37
199 199 241 24.42 999.37
198 198 244 24.42 999.37
198 198 245 24.42 999.37
197 197 247 24.42 999.37
198 198 247 24.42 999.37
198 198 248 24.42 999.39
197 197 249 24.42 999.39
196 196 249 24.42 999.39
195 195 248 24.42 999.39
194 194 247 24.42 999.37
193 193 245 24.42 999.37
192 192 242 24.42 999.37
190 190 240 24.42 999.37
189 189 238 24.42 999.37
188 188 233 24.42 999.37
187 187 229 24.42 999.37
186 186 229 24.42 999.43
185 185 228 24.42 999.43
183 183 210 24.42 999.43
182 182 207 24.42 999.40
181 181 189 24.42 999.40
180 180 181 24.42 999.40
179 179 140 24.42 999.40
178 178 126 24.42 999.42
177 177 105 24.42 999.42
175 175 090 24.42 999.42
174 174 086 24.42 999.41
173 173 080 24.42 999.41
172 172 080 24.42 999.41
171 171 080 24.42 999.41
170 170 080 24.42 999.40
169 169 080 24.42 999.40
167 167 080 24.42 999.40
166 166 080 24.42 999.36
165 165 080 24.42 999.36
164 164 080 24.42 999.36
163 163 080 24.42 999.42
162 162 080 24.42 999.42
161 161 080 24.42 999.42
159 159 080 24.42 999.42
158 158 080 24.42 999.38
157 157 080 24.42 999.38
156 156 080 24.42 999.38
155 155 080 24.41 999.40
154 154 079 24.41 999.40
153 153 079 24.41 999.40
151 151 079 24.41 999.40
150 150 079 24.42 999.34
149 149 079 24.42 999.34
148 148 079 24.42 999.34
147 147 079 24.41 999.39
160 160 079 24.41 999.39
159 159 079 24.41 999.39
157 157 079 24.41 999.39
164 164 079 24.42 999.40
163 163 079 24.42 999.40
167 167 079 24.42 999.40
166 166 079 24.41 999.42
165 165 080 24.41 999.42
164 164 080 24.41 999.42
162 162 080 24.41 999.42
176 176 080 24.42 999.46
175 175 080 24.42 999.46
179 179 080 24.42 999.46
178 178 080 24.41 999.38
177 177 080 24.41 999.38
176 176 080 24.41 999.38
174 174 080 24.42 999.44
188 188 080 24.42 999.44
187 187 080 24.42 999.44
186 186 080 24.42 999.44
185 185 080 24.41 999.47
184 184 080 24.41 999.47
183 183 080 24.41 999.47
181 181 080 24.41 999.46
199 199 080 24.41 999.46
198 198 082 24.41 999.46
197 197 119 24.41 999.46
196 196 139 24.41 999.43
195 195 139 24.41 999.43
194 194 141 24.41 999.43
203 203 150 24.41 999.46
205 205 159 24.41 999.46
204 204 171 24.41 999.46
203 203 185 24.41 999.46
202 202 193 24.42 999.49
201 201 199 24.42 999.49
200 200 206 24.42 999.49
198 198 212 24.39 999.46
197 197 216 24.39 999.46
196 196 217 24.39 999.46
195 195 220 24.39 999.46
194 194 221 24.41 999.39
193 193 221 24.41 999.39
207 207 221 24.41 999.39
207 207 227 24.41 999.46
206 206 232 24.41 999.46
207 207 236 24.41 999.46
206 206 242 24.39 999.51
206 206 245 24.39 999.51
205 205 247 24.39 999.51
204 204 251 24.39 999.51
205 205 254 24.41 999.37