31
-62
36
-34
33
4
-10
-16
3
42
-21
12
-13
1
-2
39
-35
25
-24
2
43
-45
-14
7
2
0
-1
8
1
-6
-1
2
6
3
-14
15
-2
5
-48
80
-56
23
2
3
-98
109
-15
-29
68
-61
37
-12
-9
-4
26
-23
-26
41
-14
-3
-66
122
-75
19
-6
0
27
-13
-7
-5
30
-7
-24
-2
19
10
8
3
-3
-30
23
-24
17
-22
29
-18
-17
36
-15
13
43
-82
77
-23
-35
-13
2
29
-20
-7
19
-1
3
-1
-26
36
-18
58
-47
-26
34
14
18
-16
-12
-23
-2
-3
13
0
-11
15
0
13
-14
-3
0
-1
-2
-3
19
-13
-2
-6
5
-14
23
24
1
-34
-18
-5
10
6
17
-31
-33
85
-32
-7
-20
8
-9
3
35
-28
9
40
-18
12
-36
10
-9
2
0
-8
26
-12
-1
-10
11
2
-4
58
-35
4
-71
94
-48
11
-46
110
-36
17
-20
35
-56
46
-68
-20
47
52
-68
-31
85
-35
89
-118
-20
73
36
-63
40
-78
24
20
-22
14
-1
-5
-15
7
-2
-17
28
16
-6
-20
19
-7
-33
68
24
-59
46
-23
-5
-47
59
-78
17
30
-21
37
-20
-25
45
14
-28
-31
23
-27
35
28
-79
88
-17
-47
52
-24
18
-47
16
20
-30
8
116
-113
-41
81
-110
132
-80
11
-16
24
46
-36
1
0
-20
-5
46
-57
68
-47
8
0
-20
14
6
-2
-19
4
36
36
-65
36
18
-96
12
59
-47
18
0
-1
-6
-2
26
2
-9
-9
15
2
5
-32
30
-50
34
8
-13
-20
35
27
-15
-13
-28
-1
17
12
-27
24
6
-8
-7
7
39
-35
-5
40
-44
-3
-7
40
-36
17
23
-29
4
-8
25
-20
29
76
-119
8
22
-18
-7
13
1
0
-1
-24
-29
136
-80
-6
1
18
-34
33
101
-176
62
-9
39
-11
10
-10
-41
28
-55
45
-19
94
-98
28
-99
107
-48
2
50
-33
49
-53
2
41
10
6
-59
-13
48
-48
52
1
-32
49
28
-83
1
2
2
2
30
-18
15
-89
132
-84
27
111
-133
11
2
-3
60
-105
22
84
-92
4
89
-78
45
-31
45
-48
44
-45
-12
22
18
3
-60
108
-83
32
0
70
-43
18
-9
-24
-87
57
-2
-11
19
10
-26
18
78
-79
0
-22
26
20
-18
0
0
9
-19
-1
-9
-16
5
23
57
-68
28
-56
21
29
-8
-19
59
-40
-22
32
-15
11
-46
-20
39
77
-52
-39
74
-47
-14
116
-133
37
-6
7
-7
18
-1
-5
3
69
-76
-2
1
-5
18
-6
7
6
-27
16
-36
96
-84
-9
11
38
-15
-28
-3
-67
83
-17
-13
29
-2
-39
35
-20
50
-4
-5
39
-40
11
11
-19
-17
-8
16
16
45
34
-104
-57
88
-51
20
9
15
-41
24
33
-58
39
51
-58
-34
-8
-1
29
28
-34
48
-33
-44
77
-39
-52
61
-51
35
10
31
-20
7
-28
-30
0
60
-25
-31
18
16
-2
-9
23
-56
31
20
-38
22
15
-12
19
-13
-4
6
-3
13
-21
-4
-27
-5
107
-63
-46
40
33
0
-22
38
-72
22
25
-19
35
-106
54
16
-16
2
0
2
12
7
-60
9
31
-1
-17
8
81
-78
3
1
16
-17
-2
-20
-21
56
-38
14
20
23
-40
-89
130
-65
13
37
-33
-31
69
36
-40
53
-115
27
-10
39
-26
-29
84
-26
-41
36
-8
-4
12
-11
-30
0
5
43
9
-73
22
23
-15
-1
-10
-3
55
-17
-6
53
-4
-41
-24
-6
-4
63
-35
16
19
-47
41
-47
-35
168
-113
1
-31
24
7
-30
45
0
-40
-13
27
24
-26
0
38
-27
-29
61
-29
1
18
-8
6
-33
15
7
-19
-20
-1
73
-35
8
5
16
-54
37
-11
2
-4
30
-31
5
-22
0
17
4
-8
11
17
-46
-21
40
-56
5
40
-7
20
-1
-2
-35
81
-65
19
-48
3
51
-42
120
-81
-20
-4
14
-55
92
-104
52
-13
15
11
-1
111
-74
-66
1
38
-23
9
-10
25
-42
-12
46
-3
10
-23
-55
153
-102
-27
12
37
-5
-8
37
-38
4
104
-160
24
11
44
1
28
-58
25
-50
21
72
18
-98
-6
107
-89
-22
24
-26
-5
49
-14
-25
30
0
-28
39
-5
-26
-25
115
-27
-2
-46
-6
83
-62
-11
-55
45
-7
15
2
99
-67
-8
-5
-48
32
36
-54
10
1
-12
-4
68
-12
-46
-8
-16
6
15
-19
117
-69
-16
40
-47
63
-83
-9
63
-19
74
-104
2
14
37
-10
48
-54
-26
20
-10
-6
54
-57
8
-24
8
55
-19
82
-133
5
58
22
-38
35
23
-38
-15
36
-71
20
-37
43
-1
34
-132
133
-6
-4
-6
-42
23
-10
1
72
-79
-4
30
-28
6
23
14
-30
-1
10
9
-24
21
68
-113
24
1
-17
34
-27
52
-68
-24
12
56
-16
55
-54
-34
52
8
-40
-28
89
-39
38
-55
20
-8
-2
12
19
6
-36
-1
-20
53
-16
2
6
-36
10
3
-24
-9
40
10
-8
12
48
-20
-1
-6
-3
-27
-3
5
-2
21
-1
