677
722
583
602
634
587
530
636
513
1257
986
936
1096
887
841
766
792
718
678
594
600
588
556
474
857
718
592
829
762
585
521
721
813
1148
1082
901
1078
957
949
1041
959
1078
1060
666
1202
663
662
684
841
722
754
825
625
681
820
801
963
822
709
809
717
626
603
690
581
617
547
536
914
967
981
846
848
820
740
697
724
672
770
680
684
625
512
856
686
785
723
648
621
635
778
832
889
921
821
866
824
751
863
883
841
964
879
994
801
828
777
774
873
853
790
753
890
857
901
788
814
766
802
790
757
772
713
781
752
697
727
990
957
897
970
1193
862
1002
893
778
808
779
777
711
700
735
889
911
848
854
800
775
901
898
811
812
811
786
767
758
730
770
750
740
791
788
778
792
836
740
859
832
844
758
805
855
867
789
845
873
836
832
784
789
784
845
944
812
840
854
849
990
1111
1097
972
894
962
955
844
888
906
923
868
923
794
952
894
863
880
848
877
791
1601
570
945
1106
856
1114
1350
1278
1623
1435
1544
2275
2573
2409
1606
1689
945
688
605
565
815
804
1968
2909
3323
2199
2639
2439
2298
2348
1411
1384
1237
1630
1347
2177
1619
3040
2632
2823
2662
2595
3010
2386
3146
1538
1318
1159
1246
1505
2062
1741
1091
1566
1054
1542
1143
1759
907
1946
994
1270
1214
1274
1830
1657
1661
1431
3245
2131
3525
2717
2085
1463
1872
1337
1166
1296
1092
1694
1371
2143
2673
1884
1249
1056
509
398
423
1569
1013
897
1188
1157
1532
1404
2669
2700
1837
1250
901
442
378
1412
1557
897
797
1000
1106
1371
1218
1253
1320
716
432
396
446
470
1490
1096
1007
902
849
839
878
1804
2059
1213
1076
2225
2925
2123
1491
1805
1200
779
619
787
726
481
1713
2709
1687
1152
899
521
508
612
1444
676
516
461
665
638
723
2610
2625
2012
1291
669
531
759
1507
1599
1074
1109
954
1126
1380
1379
1167
641
564
524
432
541
629
1653
1052
688
532
472
618
800
803
1445
1341
1273
2238
3381
1810
1299
1633
1172
757
545
435
429
550
1353
2482
1795
1362
1233
894
445
564
1503
720
521
466
437
242
470
2440
2052
1697
1103
916
602
356
842
1957
936
542
391
400
456
635
1199
1101
1309
1299
1228
1201
859
1706
868
844
1023
908
1017
1306
1067
1841
1439
1740
2220
2796
2510
1608
1686
1098
660
604
583
780
817
1289
2911
3131
2314
3012
2260
2683
2357
1608
1165
1364
1364
1277
2064
1568
2614
2547
3063
2473
3058
2774
2918
2849
2145
1381
1035
1478
1285
2184
1605
1435
1515
1212
1231
1171
1460
1006
1875
796
1412
1053
1365
1493
1924
1643
1234
3106
2078
3236
3198
2437
1586
1785
1473
1197
1246
1107
1510
1448
1321
2548
2260
1365
1424
573
448
470
1436
1028
851
1139
1137
1487
1479
2054
2337
2105
1187
758
615
392
462
2001
1055
743
906
1051
1287
1283
1187
1344
889
542
471
529
512
1557
1217
1002
948
772
763
954
1578
2377
1736
1139
1226
2846
1918
1647
1676
1232
848
900
824
881
665
826
3233
2014
1414
968
642
573
632
1373
804
632
588
678
678
771
1931
2975
1964
1281
875
827
944
1143
2011
1143
1139
743
1083
1308
1506
1135
792
905
1087
914
833
775
1128
1315
1370
1285
1157
993
906
820
794
766
757
1072
3544
2206
1435
1278
1542
1585
1446
1351
1092
757
900
3140
1903
1496
1163
828
728
749
1114
1555
1491
1292
1179
1481
1028
2147
3027
1703
1387
1042
691
721
730
883
852
921
774
812
1039
792
917
1127
1192
1132
939
937
1221
1440
2524
2014
1691
1566
1724
2263
2111
2267
2070
2243
2208
2953
2338
1757
1507
1497
1159
816
835
993
1472
2305
3530
3467
2123
2286
1676
2234
1587
1835
1288
1622
1629
1409
1698
2159
1894
3615
2751
1861
2125
2209
1943
1644
2464
2144
1067
1309
1283
1749
1634
1947
1436
1220
1001
904
1055
1058
996
1926
1136
1376
1436
1642
2087
1813
2374
2922
3043
2153
2974
1634
1248
1650
1799
1566
1377
971
1036
1346
1363
2903
2473
1657
968
603
599
1589
2294
1285
1280
1324
1539
1721
1472
1387
3075
2090
1367
745
891
395
1844
2905
1400
1165
1251
1369
1392
1104
1474
1793
1953
2176
1921
1014
796
783
1979
1165
1362
1889
1170
1958
1787
1883
1325
1119
1204
3226
2307
1595
2029
1911
1616
1778
1208
796
768
865
2762
2591
1981
1359
1020
941
1300
1847
1533
1816
1997
2299
1933
1210
942
3125
1854
1246
751
914
539
1389
2253
1208
907
670
923
1080
1001
1498
1408
1217
950
1011
1193
1300
1293
1864
753
640
640
683
708
698
1330
674
670
673
2821
2155
1480
1642
1731
862
625
487
456
1052
1621
3062
2523
1490
1063
896
720
884
1760
762
861
642
488
272
248
427
2271
1698
1560
805
813
515
1115
1906
1193
815
828
677
842
838
1213
896
361
323
365
1058
1420
1627
1954
1075
1150
1271
1337
1806
1665
1956
1804
1881
2180
3329
2682
1957
1573
1640
1074
916
858
1004
1396
983
2443
2663
1956
2247
1968
2512
2202
2874
1836
1894
1521
2176
1662
1802
1360
2569
2113
1614
2258
1656
2071
1481
2605
1496
1184
1124
1076
1540
1677
1556
1228
1306
815
889
697
731
696
1877
1120
948
1244
1544
1959
2116
2408
3066
2715
2013
2419
1996
1269
1174
2054
1106
1109
919
1051
1576
1481
2710
