1964
2095
1859
1809
1896
2083
894
1820
1640
1261
925
1463
2056
1600
878
2597
2623
2225
2041
1840
1175
733
611
573
557
416
389
347
273
242
429
967
495
391
384
382
565
564
1041
1676
1189
1141
1693
1525
1209
1604
1942
1774
1769
1352
971
915
875
829
889
1088
1351
1611
1330
614
1621
1981
1625
1303
1649
1598
686
468
855
1191
1555
1847
855
669
827
1620
1929
1487
1189
1223
1378
888
1255
1029
1941
2309
2248
1356
642
949
1956
1980
1909
1548
961
1194
1420
1275
1250
1612
2073
1283
1000
766
446
2590
2630
2325
2050
1512
1558
924
709
511
376
353
295
225
234
178
274
1526
1110
899
828
574
590
475
325
285
727
847
767
747
460
775
2203
1999
1683
838
821
1060
815
646
512
929
1232
1210
1404
764
1181
1508
952
781
492
1642
1549
1193
637
622
1071
767
716
800
495
745
1647
1566
1437
1271
971
620
334
1336
1704
1773
1911
1522
1467
1366
1958
2294
1599
1842
1987
1843
1701
2278
2122
1500
1615
1775
1604
1566
2034
2595
2351
2216
2717
2681
2503
2482
2368
2188
2016
1747
799
676
645
531
739
1551
1563
1840
2157
1683
641
500
488
824
1926
3317
3474
3788
3488
1764
961
2149
3025
3297
2991
835
533
487
601
1456
1846
1733
1506
1254
1466
2566
2505
2389
2899
3118
2721
2643
2741
2551
2491
2035
2113
1888
1766
2194
3293
2923
3278
3398
3077
2926
2410
1395
746
697
645
493
482
529
1656
2748
3081
3388
3205
1924
799
513
538
538
994
1107
1054
879
1020
918
1406
1873
2060
2064
2043
1965
2182
2302
2650
2483
2964
3110
2944
2729
2982
2971
3010
2929
2543
2109
2186
1755
1392
831
1226
1615
1322
1264
1117
857
998
1797
1345
1082
973
921
722
608
441
357
405
372
375
351
357
796
1888
2078
2109
1409
1010
662
610
713
1593
2399
2547
2726
2304
1151
699
1519
1680
1123
1255
599
473
725
1540
1766
1307
326
280
267
444
1078
2229
3074
2990
2016
2281
2151
1289
1152
1125
1228
1007
1820
2189
2437
2628
2588
2475
2919
2888
2812
2544
3238
2585
2884
2390
2244
2435
2576
2636
2961
2791
2255
2221
2337
2610
2368
2917
3084
3260
2662
1313
479
410
438
518
1597
2782
2541
2907
3111
3529
3517
2587
2244
2266
2100
2674
3269
2472
2170
2447
2691
2718
2507
2026
1928
2193
2498
2438
1142
1499
1402
1377
1297
2012
2403
2343
2620
2752
2876
2718
2676
2299
2144
2050
1969
1631
1561
1401
1097
1514
1437
1309
1109
1237
1245
991
1479
1810
1191
965
965
895
767
764
1883
1785
1630
1328
1035
1028
655
658
481
452
430
470
481
477
842
1610
1990
2155
2192
1357
913
807
948
666
2027
3078
3055
3086
2190
743
731
2379
2488
2580
2572
2391
1192
405
440
817
1559
928
900
1010
1671
2120
2587
2767
3006
2986
2663
1264
1295
801
1066
1577
2013
1883
1990
2120
2491
2220
2586
2665
2362
2398
1835
539
522
439
438
451
408
378
332
663
1754
2245
2386
2733
2482
1508
493
412
710
1549
1322
1316
887
984
1399
1529
1821
1747
2215
2111
1888
1809
1670
1788
1883
1945
1563
1792
1886
1939
2651
2314
2116
2343
2212
1928
1814
1227
728
1274
1616
1292
887
684
598
1375
1467
1566
1399
1017
913
627
473
783
1005
1400
1672
1608
1863
1734
2713
3008
3404
2320
1365
1303
1268
1087
1152
1194
1505
1506
1343
1336
1854
2708
3519
2193
1574
613
738
2467
3205
3233
3151
2583
1007
589
591
1991
3172
3516
2140
946
1041
709
855
958
1365
1653
2037
2276
2134
1740
2172
2932
3024
3159
3240
3360
2663
2842
2948
2994
2913
2979
2495
2469
2650
2589
3268
3062
2055
1280
904
625
531
607
538
529
604
536
485
640
684
2104
2764
2599
2434
2047
2259
2459
2823
2780
2824
2594
2816
2692
2567
2441
2439
2156
2239
2218
2364
2523
2303
2456
2507
2906
2315
1635
1329
1006
1108
2047
2150
1658
1339
1497
1586
1870
1688
1959
1781
1508
1707
1825
1801
1778
1595
1698
1894
1657
1770
1647
1711
1792
1605
1550
1536
1837
2138
2119
1935
1966
1937
1645
949
624
561
438
368
1420
1289
850
588
1546
1311
1070
2174
1955
1429
1587
1273
1322
801
587
580
539
1110
983
1002
904
2101
3102
3521
3535
2011
879
472
361
1143
3933
3383
3365
2754
1087
658
651
2631
3359
3579
3904
2944
1043
1051
871
835
940
1058
1623
1895
2339
2565
2650
2463
2938
3244
2916
2578
2549
2560
2281
1637
2050
2676
3663
4155
3687
3445
3841
3621
3527
3461
3659
3510
3562
2955
4040
4246
3908
3772
3944
4007
4050
3813
2977
1527
900
664
613
554
622
519
484
624
702
773
864
1425
2348
3167
2949
2957
2575
2761
2540
2878
2788
3307
3350
2944
2697
2666
2741
3151
2966
3125
2448
1341
1716
1813
1637
1830
1804
1463
1369
1554
1709
2043
2256
2402
2371
2203
2181
1894
1974
2094
2272
2097
2176
2332
2078
1941
2126
2156
2200
1947
2132
1999
2255
2104
2045
2114
2086
2326
2206
2170
2183
2275
2328
2274
2468
2361
2212
1997
2316
2398
2341
2147
2229
2471
2337
2426
2333
2384
2038
2046
2252
2362
2151
2180
2186
1998
2117
2443
2215
2210
2145
2022
1954
2047
2239
2386
2777
2387
2123
2195
2338
2141
2085
2018
2204
2077
2130
2204
2224
2382
2333
2360
2136
2237
2064
2170
2158
2074
2230
2366
2285
2135
1779
1866
2079
1812
1901
2298
1797
1447
1388
1454
1757
1607
1714
1785
1879
1933
1751
1895
1739
1754
1719
1384
1257
1471
1551
1457
1434
1253
1016
730
466
561
1013
1020
657
